1,5,5,5,2,2(1,5)
0
2,1,1,4,3,3(6,1)
0
4,5,2,2,5,4(6,2)
0
5,5,2,2,5,4(6,2)
0
3,5,5,1,5,5(1,4)
0
4,1,1,2,3,3(1,3)
-0.0016856024431744
3,2,4,1,4,2(5,2)
0
5,2,4,1,4,2(5,2)
0
4,5,3,2,5,1(5,3)
0
5,2,5,5,4,5(1,2)
0
4,4,3,2,2,1(1,5)
0
4,3,2,2,1,3(6,5)
0
5,5,5,5,5,2(6,5)
0
1,2,5,5,4,5(1,2)
0
5,2,2,5,4,4(6,1)
0
5,2,3,5,4,1(6,4)
0
1,5,5,5,5,2(6,5)
0
5,2,1,5,4,3(5,2)
0
1,2,3,3,4,1(1,3)
0
2,5,1,4,5,5(1,5)
0
1,5,5,5,2,2(1,2)
0
4,3,4,2,1,2(6,5)
0
5,1,4,2,3,2(1,1)
0
4,1,4,2,3,2(1,1)
0
2,1,2,4,3,4(1,1)
0
1,2,2,5,4,4(6,3)
0
1,2,5,5,4,5(5,3)
0
5,2,5,5,4,5(5,3)
0
2,2,5,5,4,5(5,3)
-0.00091093432986108
1,1,4,3,3,2(5,5)
0.0004355828978801
3,2,1,1,4,3(6,2)
0
3,2,2,1,4,4(1,5)
0
1,4,5,5,2,1(1,2)
0
4,2,3,2,4,1(6,4)
0.004487535479153
3,1,2,1,3,2(5,4)
0
5,2,2,5,4,3(5,2)
0
2,5,3,4,1,1(5,2)
0
3,2,4,1,4,2(1,5)
0
3,5,4,1,2,2(6,3)
-0.0015993034478596
1,1,5,3,3,5(5,5)
0.00012132104572956
5,5,4,1,2,2(6,3)
0
1,2,2,1,4,4(1,5)
0
2,1,3,4,3,1(5,5)
0
1,2,4,3,4,2(1,2)
0
2,3,5,4,1,5(1,3)
0
2,1,1,4,3,3(1,5)
0
5,4,5,5,2,5(6,3)
0
2,2,1,4,4,5(6,2)
0
1,3,4,5,1,2(1,4)
0
1,2,5,5,4,2(5,1)
0
1,4,4,3,2,2(1,4)
0
4,5,5,2,5,5(5,4)
0
1,5,5,5,5,2(1,5)
0
2,5,5,5,5,2(1,5)
0
3,2,5,1,4,1(5,5)
0
5,2,4,5,3,2(1,3)
0
1,4,5,3,2,5(6,4)
0
2,1,5,4,3,1(6,4)
0
1,5,2,5,5,5(5,1)
0
4,1,5,2,3,5(1,2)
0.00079212689353287
5,5,1,5,5,3(5,1)
0
5,2,4,5,3,2(6,3)
0
1,4,5,3,2,5(1,5)
0
5,2,3,5,4,1(6,3)
-0.00065682809446384
2,1,2,5,3,4(6,3)
0
5,1,2,5,3,4(6,3)
0
1,2,3,5,4,1(6,3)
0
2,2,3,5,4,1(6,3)
0
4,1,2,2,3,4(1,3)
0
4,2,3,1,4,1(5,3)
0
3,2,3,1,4,1(5,3)
0
2,5,1,4,5,5(5,2)
0
1,1,2,5,3,4(5,2)
0
5,5,5,1,2,2(5,1)
0
1,2,2,3,4,4(5,1)
-0.0015155169496938
1,2,3,5,4,1(6,4)
0.0014229692650141
2,2,1,5,4,3(5,2)
0
1,2,2,5,4,4(6,1)
0
1,2,3,5,4,1(5,1)
0
3,2,2,1,4,4(1,4)
0
1,2,2,1,4,4(1,4)
0
5,2,3,5,4,1(5,1)
0
3,5,4,1,5,2(1,1)
-8.5843784869481e-05
5,5,4,1,5,2(1,1)
0
2,1,5,4,3,1(1,5)
0
2,1,4,5,3,2(5,2)
0
1,1,4,5,3,2(5,2)
0
5,5,4,1,2,2(6,4)
0
4,2,3,2,4,1(1,2)
0
3,5,5,1,5,5(5,2)
0
2,1,5,5,4,2(6,1)
0
5,5,4,1,2,2(5,3)
0
3,5,4,1,2,2(5,3)
0
3,4,2,1,2,4(1,4)
0.0026018811626398
3,5,5,1,5,5(5,1)
-0.0006923731755942
5,5,2,2,5,4(1,4)
0
1,4,5,5,2,2(1,3)
0
1,4,3,5,2,1(1,4)
0
4,1,2,2,3,4(5,1)
0
2,3,5,4,1,1(1,1)
0
4,1,1,2,3,3(6,4)
0
2,4,1,5,2,5(1,4)
0
2,2,1,4,4,5(1,1)
-0.0013025361325179
3,1,4,1,3,2(5,2)
0.0026225987716623
3,2,2,1,4,3(6,2)
0
4,3,1,2,1,3(6,1)
0
3,2,1,1,4,3(5,3)
0
1,4,5,5,2,2(5,5)
0
1,1,2,3,3,4(5,4)
0
5,5,4,1,2,2(1,1)
0
1,4,3,5,2,1(5,4)
0.00046503091149363
2,4,3,5,2,1(5,4)
0.00019141205141945
1,4,5,3,2,5(5,4)
0
1,5,4,3,1,2(6,1)
0
1,4,5,5,2,2(5,1)
0
4,1,5,2,3,2(6,4)
0
1,2,1,3,4,3(6,5)
0
2,4,1,5,2,5(1,1)
0
4,1,1,2,3,3(1,1)
0
5,1,3,5,3,1(6,3)
0
1,2,4,3,3,2(6,4)
0
4,5,5,2,5,5(1,1)
-0.0021852151652272
2,5,1,4,5,3(6,4)
0
4,3,5,2,1,5(1,2)
0.00028466389738399
3,5,4,1,2,2(5,4)
0.0023560187737075
1,2,2,3,4,4(6,5)
0
4,3,1,2,1,3(6,5)
0
2,3,5,5,1,5(6,3)
0
3,5,4,1,5,2(6,3)
0
5,5,4,1,5,2(6,3)
0
4,2,5,2,4,1(6,3)
0
4,1,5,2,3,1(1,1)
0
3,2,5,2,4,1(6,3)
0
2,2,3,4,4,1(5,5)
-6.0533482232336e-05
5,3,5,2,1,5(1,2)
0
4,4,5,1,2,5(6,4)
0
1,2,5,3,4,5(1,4)
0
3,3,2,1,1,2(1,2)
0
3,2,3,1,4,1(6,2)
0
4,2,3,1,4,1(6,2)
0
4,1,5,2,3,5(1,1)
-0.00060406046755372
3,2,1,1,4,5(1,4)
0
3,1,2,1,3,2(6,1)
0
3,2,2,1,4,4(1,1)
0.00020351126575212
1,2,4,3,4,2(6,3)
-0.0021245234937581
3,5,4,1,2,2(5,1)
0
5,2,2,1,4,4(1,1)
0
5,2,5,5,4,1(6,4)
0
5,2,1,5,4,3(1,3)
-0.00048149127318655
2,2,1,5,4,3(1,3)
0
2,1,1,4,3,3(1,1)
-0.0023842616567558
4,1,2,2,3,4(5,2)
0
2,5,5,5,5,5(1,1)
0
4,3,2,2,1,3(5,2)
0
5,5,4,5,5,2(5,3)
0
2,5,4,5,5,2(5,3)
0
4,4,1,2,2,3(5,1)
0
2,5,5,5,5,5(5,2)
0
2,2,1,4,4,3(5,1)
0
5,5,5,5,5,5(5,2)
0
2,4,3,5,2,1(5,5)
0
4,5,5,2,5,5(1,3)
0
1,5,4,5,5,2(5,3)
-0.0006257411962464
2,1,5,4,3,1(5,4)
0
3,4,5,1,2,5(5,4)
0
1,2,2,1,4,4(6,1)
0
1,5,2,5,5,5(1,5)
0
3,2,2,1,4,4(6,1)
0
1,4,3,5,2,1(5,5)
0
4,4,5,1,2,5(5,4)
0
4,2,1,2,3,3(5,5)
0
3,5,2,1,5,3(1,2)
0
4,5,3,2,5,1(6,4)
0
3,2,5,1,4,2(5,5)
0
1,5,2,3,5,4(1,3)
-0.00024044360171322
5,2,5,5,4,5(5,2)
0
5,3,5,5,1,5(6,3)
0
2,3,5,4,1,2(6,5)
0
1,2,5,5,4,5(5,2)
0
5,2,2,1,4,4(6,1)
0
4,3,5,2,1,1(1,3)
0
1,1,2,5,4,4(5,1)
0
2,1,1,4,3,3(6,2)
0
4,3,2,2,1,3(5,4)
0
5,2,4,5,3,2(6,4)
0
2,5,5,5,5,2(5,4)
0.00074480984701884
5,5,5,5,5,2(5,4)
0
4,4,5,2,2,5(1,2)
0
1,3,5,3,1,5(6,4)
0
1,5,5,5,5,2(5,4)
0.00068250354342891
3,5,2,1,5,3(5,3)
0
3,2,1,2,4,3(1,5)
0
4,2,1,2,4,3(1,5)
0
1,2,4,3,3,2(1,4)
0
1,4,2,3,2,4(6,3)
0
2,2,3,4,4,1(5,2)
0
3,5,5,1,5,5(6,3)
-0.00079324822989168
3,2,5,1,4,2(5,3)
0
3,5,4,1,1,2(1,5)
0
5,3,2,5,1,3(1,2)
0
4,1,5,2,3,1(5,4)
0
1,3,2,5,1,4(5,5)
0
4,3,1,2,1,3(1,3)
0
5,5,5,5,5,5(1,1)
-0.00057842869963613
5,2,5,5,4,1(1,2)
0
3,2,5,1,4,1(5,3)
0
1,2,5,5,4,1(1,2)
0
4,1,1,2,3,3(6,5)
0
2,3,5,5,1,5(5,5)
0
3,2,1,2,4,3(1,4)
0
1,1,2,5,4,4(1,2)
0
3,4,2,1,2,4(5,1)
0
1,1,2,5,3,5(5,1)
0
2,5,1,4,5,3(6,2)
0
5,3,2,5,1,3(1,3)
0
1,4,4,3,2,2(1,5)
0
3,3,2,1,1,2(1,5)
0
3,4,5,1,2,5(6,1)
0
4,4,5,1,2,5(6,1)
-0.00032037436493902
4,2,1,2,4,3(6,2)
0
3,2,1,2,4,3(6,2)
0
1,4,5,3,2,5(1,2)
0
4,2,1,2,3,3(1,2)
0
4,1,5,2,3,5(1,3)
0
2,4,3,4,2,1(6,2)
0
3,4,3,1,2,1(1,2)
0
3,2,5,1,4,2(1,1)
0
1,4,5,5,2,1(6,3)
0
3,4,5,1,2,5(1,5)
0
4,4,5,1,2,5(1,5)
0
2,1,5,5,3,2(6,4)
0
4,5,1,2,5,3(6,5)
0
5,1,5,5,3,2(6,4)
0
4,1,5,2,3,2(5,4)
0
4,5,3,2,5,1(1,5)
0
3,4,5,1,2,1(1,5)
0
5,2,5,5,4,1(5,5)
0
2,3,5,4,1,2(1,1)
0
1,3,4,3,1,2(5,3)
0
2,2,5,5,4,5(1,5)
0
1,2,5,5,4,5(1,5)
0
1,2,4,3,3,2(5,2)
0
5,3,5,5,1,5(1,3)
0
4,5,2,2,5,3(6,4)
0
4,2,5,2,4,5(5,5)
0
4,3,2,2,1,3(1,2)
0
2,3,5,4,1,1(5,3)
0
1,2,5,3,4,2(1,3)
0
3,2,4,1,4,2(5,5)
0
5,1,4,2,3,2(5,2)
0
5,2,4,1,4,2(5,5)
1.4661542994334e-05
2,5,3,4,5,1(5,2)
0.0015653680512613
1,4,5,3,2,5(5,3)
0
4,2,3,2,4,1(5,3)
0
3,1,2,1,3,4(5,1)
0
2,1,2,5,3,4(5,1)
0
5,1,2,5,3,4(5,1)
0
5,2,1,5,4,3(6,4)
0
2,2,1,4,4,5(1,3)
0
4,4,3,2,2,1(1,3)
0
3,2,5,1,4,1(6,5)
0
3,2,5,1,4,1(1,2)
0
3,3,2,1,1,4(5,5)
0
1,1,2,3,3,4(1,3)
0
4,4,3,2,2,1(5,5)
0.00014364743428668
1,3,4,5,1,2(5,4)
0.0038119870006038
5,1,5,5,3,5(6,2)
0
2,1,5,5,3,5(6,2)
0
1,3,5,3,1,5(5,4)
0
3,2,1,1,4,3(5,5)
0
5,2,2,5,4,4(6,2)
0.001040776142224
1,3,4,3,1,2(5,2)
0
4,1,2,2,3,4(6,3)
0
4,5,5,2,5,1(5,3)
-0.00085158521067541
4,5,5,2,5,2(1,5)
0
2,1,5,5,3,5(5,4)
0
2,5,5,4,5,5(6,1)
-0.00037721784088349
4,5,5,2,5,2(6,1)
0
5,2,5,5,4,5(1,3)
0
4,1,1,2,3,3(5,2)
0
3,3,2,1,1,2(6,1)
0
1,2,5,5,4,5(1,3)
0
5,2,4,1,4,2(1,4)
0
4,2,5,2,4,5(1,3)
0
2,4,1,5,2,5(6,1)
0
3,4,5,1,2,1(5,4)
0.00027972292211515
1,3,4,3,1,2(1,2)
0
1,2,2,3,3,4(5,2)
0
5,3,2,5,1,3(5,2)
0
5,4,5,5,2,5(5,4)
0.00013893655202374
2,1,5,4,3,5(1,1)
-0.0016747322319089
2,4,3,4,2,1(5,1)
0
1,2,1,3,4,3(1,4)
0
1,3,4,5,1,2(6,1)
0
2,3,5,4,1,2(1,4)
0
5,2,5,5,4,1(1,3)
0
4,4,3,2,2,1(1,1)
0
5,4,5,5,2,5(1,2)
0
1,2,3,3,4,1(5,2)
0
5,1,4,2,3,2(1,3)
0
4,1,4,2,3,2(1,3)
0
2,1,2,4,3,4(1,4)
0
2,1,2,5,3,4(5,4)
0
1,1,2,5,3,4(5,4)
0.0018387413671119
3,2,2,1,4,3(5,1)
0
2,5,3,4,5,1(6,2)
0
2,3,5,4,1,1(1,3)
0
3,5,5,1,5,5(6,2)
0
1,5,4,3,1,2(6,4)
0
5,2,2,5,4,3(1,1)
0
5,2,5,5,3,5(1,2)
0.00094235302057584
2,1,4,5,3,2(1,4)
0
5,2,5,5,4,5(6,4)
0.0028917217835807
2,2,5,5,4,5(6,4)
0.0013514848292458
4,3,4,2,1,2(5,5)
0
5,3,4,1,1,2(5,2)
0
2,3,5,4,1,2(6,1)
0
5,3,2,5,1,3(6,2)
0
1,2,5,5,4,5(6,4)
0.0021286838009915
4,5,5,2,5,5(1,5)
0
3,2,2,1,4,3(1,4)
0
1,2,1,3,4,3(5,5)
0
2,2,5,5,4,5(6,1)
0
1,2,5,5,4,5(6,1)
0
1,1,2,5,4,4(1,5)
0
2,4,3,4,2,1(1,4)
0
1,2,3,3,4,1(1,5)
0
1,5,4,3,1,2(5,4)
0
1,3,2,5,1,4(1,4)
0
3,4,3,1,2,1(1,4)
0
3,2,5,1,4,5(1,5)
0.0015085906378282
3,5,4,1,2,2(1,5)
0
2,5,3,4,5,1(5,3)
0
5,5,2,5,2,4(6,5)
0
4,2,5,2,4,5(6,4)
0
2,3,5,4,1,2(6,3)
0
4,4,5,2,2,5(5,5)
0.00069698699060017
3,2,2,1,4,3(5,3)
0
1,1,2,3,3,4(1,4)
0.0013064729893328
1,3,2,3,1,4(6,1)
0
3,5,2,1,5,2(6,3)
0
1,2,3,5,4,1(6,5)
0
5,2,3,5,4,1(6,5)
0
5,2,3,5,4,1(5,5)
0
5,2,4,1,4,2(1,2)
0
2,2,5,4,4,5(5,1)
0
2,5,1,4,5,5(5,3)
0.00050335026414384
1,1,2,5,3,5(6,1)
0
1,5,4,3,5,2(1,5)
0
5,1,4,5,3,2(1,4)
0
5,2,4,1,4,2(6,1)
0
3,1,2,1,3,2(5,1)
-1.1994015903982e-05
3,2,4,1,4,2(6,1)
0
3,2,1,1,4,3(1,1)
0
1,2,3,5,4,1(5,5)
0
3,2,4,1,4,2(1,2)
0
2,2,5,4,4,5(1,1)
-0.00083240948588342
2,2,3,5,4,1(5,5)
-0.0004422968523665
5,3,2,5,1,3(5,5)
0.00032951370219222
2,3,5,4,1,1(5,2)
0
1,1,4,3,3,2(6,5)
0
3,5,5,1,5,5(6,1)
0
3,2,1,1,4,3(6,4)
0
3,5,4,1,1,2(6,5)
0
1,4,4,3,2,2(5,5)
0
4,3,1,2,1,3(5,5)
0.0001260585551604
4,1,5,2,3,2(5,1)
0
4,5,5,2,5,2(1,1)
0
4,5,5,2,5,5(6,3)
0
1,5,4,3,5,2(6,4)
0
2,2,5,4,4,1(5,3)
0
3,2,5,2,4,1(5,2)
0.00035967566760778
4,2,1,2,3,3(5,1)
0
3,3,4,1,1,2(5,3)
0
5,3,4,1,1,2(5,3)
0
4,2,5,2,4,1(5,2)
0
3,3,2,1,1,4(5,2)
0
3,5,4,1,5,2(6,5)
0
4,1,5,2,3,5(5,1)
-4.8630403319471e-05
3,2,1,1,4,5(6,3)
0
3,2,5,1,4,5(5,2)
0
3,2,5,2,4,1(1,4)
0
5,5,5,1,2,2(1,1)
0
5,2,2,5,4,4(6,3)
0
3,5,2,1,5,2(5,2)
0
4,5,3,2,5,1(5,1)
0
3,5,4,2,5,2(5,1)
0
4,5,4,2,5,2(5,1)
0
4,4,5,2,2,5(1,1)
0
2,2,3,5,4,1(5,2)
0
1,5,4,3,1,2(1,3)
0
2,3,5,5,1,5(6,4)
0
5,5,2,2,5,4(5,3)
0
4,5,2,2,5,4(5,3)
0
1,2,2,1,4,4(6,5)
0
3,2,2,1,4,4(6,5)
0.0026556265024669
4,2,5,2,4,1(1,1)
0
3,2,5,2,4,1(1,1)
0
5,3,5,5,1,5(6,4)
0
4,5,2,2,5,4(6,5)
0.0012269672216117
5,5,2,2,5,4(6,5)
0
2,2,5,4,4,5(6,1)
0
3,3,4,1,1,2(5,5)
0
3,4,1,1,2,3(5,3)
0
5,3,4,1,1,2(5,5)
0
2,1,5,5,3,2(1,5)
0
3,1,2,1,3,2(1,5)
0
2,1,3,4,3,1(1,3)
0
3,1,2,1,3,2(5,2)
0
3,3,4,1,1,2(6,3)
0
5,3,4,1,1,2(6,3)
0
1,2,2,3,3,4(1,2)
0
5,2,4,5,3,2(5,4)
0
2,1,4,4,3,2(5,2)
0
2,5,5,4,5,5(1,3)
0
4,1,5,2,3,5(5,2)
0.0043968528071328
3,5,5,1,5,5(1,2)
0
5,5,2,1,5,4(6,3)
0
3,1,2,1,3,4(1,1)
0
1,4,5,5,2,2(1,2)
0
1,5,2,3,5,4(6,5)
0
1,2,5,3,4,2(6,1)
0
1,5,2,5,5,4(6,1)
0
3,2,5,1,4,2(5,2)
0
5,5,2,5,5,4(6,1)
0
5,3,4,1,1,2(6,5)
0
5,3,2,5,1,3(1,1)
0
1,2,2,3,4,4(5,3)
-0.00085404293687854
3,3,4,1,1,2(6,4)
0
1,1,2,3,4,4(5,1)
-0.00062821468176021
3,3,2,1,1,4(6,1)
0
2,2,1,4,4,3(5,5)
0
2,5,1,4,5,3(1,5)
0
2,5,3,4,5,1(5,1)
0
2,2,1,5,4,5(6,3)
0
2,4,1,5,2,5(1,3)
0
5,2,5,5,3,5(5,2)
0
3,1,2,1,3,2(5,5)
0
4,3,5,2,1,1(1,5)
0
4,1,4,2,3,2(1,5)
0
3,2,4,1,4,2(6,3)
0
5,1,5,5,3,2(5,1)
0
5,2,4,1,4,2(6,3)
0
4,5,3,2,5,1(5,4)
0.0024624264193218
3,3,4,1,1,2(6,5)
0
5,2,1,5,4,3(6,5)
0.0016740357681742
4,4,3,2,2,1(6,2)
0
3,5,2,1,5,3(5,4)
0
4,3,5,2,1,1(5,4)
0
2,2,5,4,4,1(6,5)
0.0012722686696263
2,4,3,4,2,1(5,3)
-0.001474704728684
1,1,4,3,3,2(1,2)
0
1,4,5,5,2,2(6,1)
0
1,2,2,3,3,4(1,5)
0
4,4,5,1,2,5(5,5)
0
5,2,4,5,3,2(6,1)
0
1,4,2,3,2,4(1,3)
0
1,2,4,3,4,2(5,1)
0
5,2,5,5,3,5(1,3)
0
2,1,4,4,3,2(5,1)
0
1,5,4,3,1,2(5,5)
0
2,1,5,4,3,5(6,4)
0
3,1,2,1,3,2(1,4)
0
1,2,2,3,3,4(6,3)
0
3,4,5,1,2,5(5,5)
-4.7793425884675e-05
5,3,4,1,1,2(6,4)
0
2,1,5,4,3,5(5,5)
0
1,3,2,3,1,4(5,2)
0
5,1,3,5,3,1(5,5)
0
3,2,1,1,4,3(6,5)
0
4,5,3,2,5,1(1,2)
0
3,2,2,1,4,3(1,1)
0
1,3,5,3,1,5(6,1)
0
3,3,2,2,1,4(1,2)
0
4,3,2,2,1,4(1,2)
0
4,3,4,2,1,2(6,3)
0
1,1,4,3,3,2(6,1)
-0.001539666571171
2,2,3,4,4,1(1,4)
0
4,2,3,2,4,1(1,3)
0
1,5,5,5,2,2(5,5)
-0.00070584712300677
3,2,5,1,4,1(1,5)
0.00026953450362458
3,2,1,2,4,3(5,3)
-0.00055117798710014
4,4,5,2,2,5(6,1)
0
5,5,2,5,5,4(5,4)
0.002650239945457
4,1,5,2,3,5(5,5)
0
1,3,4,5,1,2(5,3)
0
4,2,3,2,4,1(6,2)
0
2,2,1,4,4,5(1,5)
0
3,3,2,1,1,4(6,5)
0
3,2,3,1,4,1(1,2)
0
4,2,3,1,4,1(1,2)
0
5,1,2,5,3,4(6,1)
0
1,2,5,3,4,5(6,1)
0
1,5,2,5,2,4(1,3)
0
5,5,2,5,2,4(1,3)
0
1,5,4,3,5,2(5,1)
0
5,3,4,1,1,2(1,4)
0
3,3,4,1,1,2(1,4)
0
5,3,5,2,1,5(6,1)
0
4,3,5,2,1,5(6,1)
0
2,1,3,4,3,1(6,4)
0
1,1,2,5,3,5(6,2)
0
4,4,5,2,2,5(1,5)
0
1,5,5,5,5,5(1,2)
0
2,2,1,5,4,3(5,3)
0
3,2,5,1,4,1(5,1)
0
5,5,4,5,5,2(6,5)
0
5,2,1,5,4,3(5,3)
0
1,3,2,5,1,4(6,5)
0
1,5,5,3,5,5(1,2)
0
3,2,3,1,4,1(1,5)
0
4,2,3,1,4,1(1,5)
-0.00023834040845291
2,3,5,4,1,1(5,4)
0.0044365571101583
2,2,1,4,3,3(1,4)
0.00015676761083169
1,5,4,5,5,2(6,5)
0
2,5,4,5,5,2(6,5)
0
1,3,2,3,1,4(6,5)
-0.00083364932175759
4,1,2,2,3,4(6,2)
0
2,5,3,4,1,1(1,5)
0
4,1,4,2,3,2(5,5)
0.00072587033192252
5,1,4,2,3,2(5,5)
0
4,2,1,2,4,3(5,3)
0
5,5,1,5,5,3(6,1)
0
5,3,5,2,1,5(1,3)
0
1,2,5,3,4,2(1,4)
0.0028191942709297
3,5,2,1,5,3(6,5)
0
4,3,5,2,1,5(1,3)
0
5,5,2,5,5,4(5,3)
0
4,5,1,2,5,3(5,4)
0
3,4,4,1,2,2(6,3)
0
1,5,4,3,5,2(6,3)
0
3,5,4,2,5,2(1,1)
0
4,5,4,2,5,2(1,1)
0
3,2,1,1,4,5(6,1)
0
2,1,5,5,4,2(6,4)
0
3,5,4,1,5,2(5,1)
0
4,2,1,2,3,3(6,5)
0
5,5,4,1,5,2(5,1)
0
1,5,5,5,2,2(5,1)
0
4,1,5,2,3,5(6,1)
0
4,2,5,2,4,5(6,1)
0
3,2,3,1,5,1(1,4)
0
4,5,1,2,5,3(6,1)
0
5,5,2,5,5,4(5,2)
0
5,5,2,5,2,4(1,4)
0
1,5,2,5,5,4(5,2)
0
1,5,2,5,2,4(1,4)
0
5,4,5,5,2,5(1,1)
0
1,2,3,3,4,1(1,2)
0.0037818679834886
1,3,4,3,1,2(6,4)
0
4,5,1,2,5,3(6,4)
0.0058920121294195
5,2,2,5,4,3(5,5)
0
4,3,2,2,1,4(6,3)
0
2,3,4,4,1,2(1,4)
0
3,2,5,1,4,5(1,1)
0.00061593112691594
3,5,4,2,5,2(1,2)
0
4,5,4,2,5,2(1,2)
0
5,4,1,5,2,3(6,1)
0
3,5,2,1,5,4(6,5)
-0.00019632783326808
2,3,4,4,1,2(5,2)
0
2,1,5,5,3,5(5,1)
0
1,5,5,5,2,2(1,3)
0
4,3,4,2,1,2(5,2)
0
1,5,4,5,5,2(6,1)
0
5,5,4,5,5,2(6,1)
0
2,5,4,5,5,2(6,1)
0
3,2,2,1,4,3(6,1)
0
3,2,5,2,4,1(5,1)
0
4,2,5,2,4,1(5,1)
0
1,1,5,3,3,5(5,4)
0
3,5,4,1,5,2(6,1)
0
4,3,2,2,1,3(1,3)
0
5,5,4,1,5,2(6,1)
0
2,4,3,4,2,1(1,1)
0
5,3,5,5,1,5(1,2)
0
1,5,2,3,5,4(1,5)
0
4,2,5,2,4,1(1,3)
0
2,1,5,4,3,1(5,1)
0
3,2,1,1,4,3(6,1)
-0.0011226433935054
2,1,4,4,3,2(1,1)
0
5,5,2,2,5,4(5,1)
0
4,5,2,2,5,4(5,1)
0
4,3,1,2,1,3(5,4)
0
1,2,2,3,4,4(1,4)
0
3,4,5,1,2,5(1,2)
0
3,5,4,1,1,2(1,1)
0
4,4,5,1,2,5(1,2)
0
2,5,5,5,5,5(6,4)
0
5,5,5,5,5,5(6,4)
0
2,3,5,4,1,5(6,3)
-0.00062377263429406
5,1,5,5,3,5(6,1)
0
2,1,5,5,3,5(6,1)
0
3,5,4,1,5,2(1,4)
0
5,5,4,1,5,2(1,4)
0
5,5,4,5,5,2(1,4)
0
3,3,2,2,1,4(5,3)
0
5,5,2,1,5,4(6,5)
0
2,4,3,4,2,1(6,3)
0
4,3,2,2,1,4(5,3)
0
5,4,1,5,2,3(6,5)
0
4,2,3,1,4,1(6,3)
0
3,2,1,1,4,3(5,2)
0
4,4,3,1,2,1(6,5)
0
5,5,1,5,5,3(6,5)
0
4,2,1,2,3,3(1,1)
-0.0015410983384884
3,1,2,1,3,4(1,2)
0
5,5,5,5,5,5(6,3)
0
3,2,3,1,4,1(5,1)
0
4,2,3,1,4,1(5,1)
0
2,5,5,5,5,5(1,4)
0
1,5,5,5,5,5(1,4)
0
2,2,3,4,4,1(5,3)
-0.0011841777762016
3,3,2,1,1,2(5,5)
0.00071594309619467
4,5,2,2,5,4(6,3)
0
5,5,2,2,5,4(6,3)
0
4,1,5,2,3,1(1,5)
0
5,1,5,5,3,2(6,3)
0
1,3,2,3,1,4(1,2)
0
3,4,3,1,2,1(6,5)
0
3,4,4,1,2,2(1,2)
0
4,4,3,2,2,1(1,2)
0
1,1,2,5,3,5(5,5)
0.00089121739416839
3,5,2,1,5,2(1,1)
0
3,5,2,1,5,3(6,1)
0
2,1,5,5,4,2(5,1)
0
3,1,2,1,3,4(6,3)
0
5,5,5,1,2,2(6,1)
0
2,4,1,5,2,5(5,3)
0
4,4,1,2,2,3(6,2)
0
5,2,2,1,4,4(1,3)
0
5,4,5,5,2,5(6,1)
0
5,3,5,2,1,5(5,4)
0
1,2,2,1,4,4(1,3)
0
1,3,4,3,1,2(1,4)
0
3,2,1,2,4,3(6,5)
0
2,5,3,4,1,1(6,2)
0
5,5,2,1,5,4(6,2)
0
4,4,1,2,2,3(6,4)
0
4,2,1,2,4,3(1,2)
0
3,2,1,2,4,3(1,2)
0
1,2,2,3,4,4(6,3)
-0.0010172035433215
1,5,2,5,5,5(6,2)
0
5,1,5,5,3,5(6,4)
0
5,2,1,5,4,3(6,1)
0
2,1,5,5,3,5(6,4)
0
2,2,1,5,4,3(6,1)
0
4,5,1,2,5,3(1,5)
-0.00078733578053664
5,5,5,5,5,2(5,1)
0
2,2,1,4,4,5(5,5)
-7.7528352000102e-05
1,1,2,3,3,4(6,1)
0
1,4,5,5,2,1(1,5)
0
1,4,4,3,2,2(5,1)
-0.0026006483826104
3,5,2,1,5,4(6,2)
0.00042789934427236
3,4,2,1,2,4(1,2)
0
1,5,4,3,1,2(1,5)
0
2,5,5,5,5,2(5,1)
0
1,5,5,5,5,2(5,1)
0
5,3,4,1,1,2(1,2)
0
3,3,4,1,1,2(1,2)
0
4,3,2,2,1,3(6,4)
0
5,3,5,5,1,5(6,1)
0
3,4,1,1,2,3(6,2)
0
5,2,2,5,4,3(5,3)
-0.0015741424528363
2,3,5,5,1,5(6,1)
0
1,4,3,5,2,1(1,2)
0
4,3,4,2,1,2(5,3)
0.00031440827714323
2,1,4,4,3,2(6,5)
0
5,1,2,5,3,4(1,1)
0
2,2,5,5,4,5(5,1)
-0.0012108783919796
5,2,5,5,4,5(5,1)
0
2,2,1,5,4,5(1,1)
0
4,3,5,2,1,1(6,3)
0
4,5,2,2,5,3(6,2)
0
5,5,1,5,5,3(1,2)
0
2,4,3,4,2,1(5,4)
0.0017097967750821
1,5,5,3,5,5(1,3)
0
3,4,5,1,2,1(5,5)
0
3,4,4,1,2,2(6,1)
0
2,1,5,4,3,1(5,5)
0
4,5,4,2,5,2(5,3)
0
3,5,4,2,5,2(5,3)
-0.00039981979129134
3,4,2,1,2,4(5,4)
0
2,3,1,4,1,3(6,2)
0
1,2,1,3,4,3(5,1)
0
2,3,5,4,1,5(6,4)
0
5,5,2,1,5,4(5,1)
0
2,1,5,5,3,5(6,3)
0
3,3,2,1,1,4(5,4)
0
5,2,5,5,3,5(5,4)
0
5,1,5,5,3,5(6,3)
0
1,2,2,3,4,4(1,3)
0
1,1,2,5,3,5(6,4)
0
2,1,1,4,3,3(5,1)
0
2,2,5,5,4,5(1,1)
-0.00038108569927897
3,2,2,1,4,4(1,2)
0
5,2,2,1,4,4(1,2)
0
3,2,1,1,4,3(1,5)
0
4,5,1,2,5,3(5,1)
0
5,2,5,5,4,5(1,1)
-0.00055795154302171
1,1,2,5,4,4(6,2)
0
2,1,4,4,3,2(1,5)
0
2,1,1,4,3,3(5,4)
0
5,4,5,5,2,5(5,3)
0
1,1,2,3,4,4(5,5)
0
5,1,3,5,3,1(1,3)
0
4,2,5,2,4,1(1,5)
0
1,3,2,3,1,4(1,5)
0
2,3,1,4,1,3(6,4)
0
4,1,1,2,3,3(5,4)
0
5,2,2,5,4,3(1,2)
0
1,5,5,3,5,5(6,1)
0
2,5,1,4,5,5(1,4)
0
1,4,3,5,2,1(6,4)
0
2,4,3,5,2,1(6,4)
0
4,5,1,2,5,3(5,3)
0
1,4,2,3,2,4(6,1)
0
2,1,5,5,3,5(1,5)
0
1,4,5,5,2,1(6,4)
0
3,5,2,1,5,2(5,4)
0.0022651075134888
5,1,5,5,3,2(1,3)
0
1,3,2,3,1,4(5,5)
0.0001792808165176
5,3,5,2,1,5(5,2)
0
4,3,5,2,1,5(5,2)
0
3,4,2,1,2,4(6,5)
0
3,2,1,1,4,3(5,1)
-0.0026546750891468
5,2,2,5,4,4(1,4)
0
3,5,2,1,5,2(6,4)
0
1,3,2,3,1,4(1,3)
0
2,1,5,5,4,2(6,3)
0
1,2,2,5,4,4(1,4)
0
1,2,2,3,4,4(6,2)
0.00083158580329634
4,4,3,2,2,1(5,4)
0
1,3,4,5,1,2(1,2)
0
1,2,5,3,4,5(1,3)
0.00038463041872879
1,3,5,3,1,5(6,2)
0
5,5,5,1,2,2(5,3)
0
3,5,2,1,5,4(1,4)
0.005954523812803
5,5,2,1,5,4(1,4)
0.0067643876091383
2,1,4,4,3,2(6,4)
0
1,2,3,3,4,1(5,1)
-0.001507568649979
1,2,1,3,4,3(1,5)
0.0010830718797442
3,3,2,2,1,4(5,5)
0
4,3,2,2,1,4(5,5)
0
3,2,1,1,4,3(1,4)
0.0032130411349403
5,4,5,5,2,5(5,5)
0
5,2,4,5,3,2(1,4)
0
2,5,1,4,5,3(5,3)
-0.0014183218345495
5,1,2,5,3,4(1,4)
0
1,5,5,3,5,5(5,2)
0
1,1,2,5,3,4(1,4)
0
1,3,4,3,1,2(6,5)
0
1,5,2,5,2,4(6,3)
0
2,5,5,4,5,5(5,2)
0
5,5,2,5,2,4(6,3)
0
3,2,1,1,4,3(1,2)
0
5,5,1,5,5,3(5,4)
0
1,5,4,3,1,2(6,3)
0
2,3,5,4,1,5(1,1)
0
2,5,1,4,5,5(1,1)
0
3,4,1,1,2,3(1,1)
0
3,3,2,2,1,4(6,2)
0
4,3,2,2,1,4(6,2)
0
3,1,4,1,3,2(5,5)
0
4,4,3,1,2,1(6,2)
0
1,2,2,3,3,4(1,4)
0
3,4,3,1,2,1(6,2)
0
4,3,1,2,1,3(6,2)
0
4,1,1,2,3,3(5,1)
0
4,2,3,1,4,1(6,5)
0
3,2,3,1,4,1(6,5)
0
1,1,2,5,3,4(1,5)
0
2,1,2,5,3,4(1,5)
0
1,1,2,3,4,4(5,2)
0
5,2,2,5,4,3(1,4)
0
4,3,5,2,1,1(5,5)
0
4,5,5,2,5,5(6,1)
0
5,1,5,5,3,5(1,2)
0
1,4,5,5,2,1(5,4)
0
1,3,2,3,1,4(1,4)
0
1,5,4,3,5,2(5,2)
0
1,1,4,3,3,2(5,4)
0
2,3,5,4,1,2(5,3)
0
4,3,2,2,1,3(1,5)
0
1,5,5,3,5,5(1,4)
0
1,5,2,3,5,4(6,2)
0
1,1,5,3,3,5(1,5)
0
4,2,3,2,4,1(1,1)
0
5,5,4,1,5,2(5,3)
-0.0011207702574518
3,5,4,1,5,2(5,3)
0
4,5,2,2,5,3(1,1)
0
4,3,5,2,1,1(6,4)
0
4,5,5,2,5,5(6,4)
0.0015665480272904
4,2,5,2,4,5(6,3)
-7.4589907921582e-05
1,5,5,5,5,5(6,2)
0
5,5,5,5,5,5(6,2)
0
5,3,4,1,1,2(6,1)
0
3,3,4,1,1,2(6,1)
0
1,2,4,3,4,2(6,5)
0
5,2,3,5,4,1(5,3)
0
2,2,3,5,4,1(5,3)
0
2,5,5,4,5,5(5,1)
-0.00048940499885936
3,2,1,2,4,3(6,4)
0
1,2,3,5,4,1(5,3)
-0.00173101294248
1,2,2,3,4,4(1,5)
0
2,1,5,4,3,5(6,2)
0
3,3,2,1,1,4(1,5)
0
5,1,3,5,3,1(1,2)
0
4,1,5,2,3,2(6,5)
0
3,5,4,1,5,2(1,5)
0
1,2,5,3,4,5(1,5)
0
1,1,2,3,3,4(1,2)
0.00089135222340039
2,5,3,4,1,1(6,4)
0
3,4,4,1,2,2(5,5)
0
1,1,4,3,3,2(1,3)
0
1,2,2,3,3,4(1,3)
0
2,1,5,5,4,2(1,4)
0
3,2,5,1,4,5(6,3)
0.00036907840270775
3,4,5,1,2,1(1,2)
0
4,3,4,2,1,2(1,1)
0
1,2,5,5,4,2(1,5)
0
1,1,2,5,4,4(6,5)
0
1,1,2,3,3,4(6,2)
0
3,2,5,2,4,1(5,5)
0
4,2,5,2,4,1(5,5)
7.7293408214653e-05
3,3,2,1,1,4(5,3)
0
4,1,5,2,3,1(5,5)
0
2,4,1,5,2,5(6,3)
0
4,5,5,2,5,1(5,1)
0
4,2,1,2,4,3(5,5)
0.0015734366122214
3,2,1,2,4,3(5,5)
0.00097352970914083
1,1,4,5,3,2(1,2)
0
3,2,1,1,4,5(6,2)
0
1,2,2,1,4,4(5,2)
0
3,2,5,1,4,2(6,3)
0
5,1,4,5,3,2(1,2)
0
5,5,2,2,5,4(1,1)
0
4,5,5,2,5,1(6,2)
0
4,2,1,2,4,3(1,3)
0
1,3,4,3,1,2(1,3)
0
3,5,2,1,5,2(1,5)
0
4,1,1,2,3,3(6,2)
0
2,1,5,5,3,5(5,2)
0
5,1,5,5,3,5(5,2)
0
2,5,3,4,5,1(1,3)
0
4,1,4,2,3,2(5,4)
0.0052201407855243
5,1,4,2,3,2(5,4)
0
2,5,1,4,5,5(6,4)
0
2,1,3,4,3,1(6,3)
0
2,3,5,4,1,5(1,4)
0
2,4,1,5,2,5(5,5)
0
1,2,4,3,3,2(6,1)
0
5,1,4,2,3,2(6,5)
0
4,1,4,2,3,2(6,5)
0
2,1,1,4,3,3(6,4)
0
4,4,5,2,2,5(5,1)
0
1,2,5,5,4,2(5,5)
-0.00043387742411132
1,4,2,3,2,4(5,5)
-0.00023282021582898
1,3,2,3,1,4(6,3)
0
4,3,5,2,1,1(1,2)
0.00075913889588545
5,5,2,1,5,4(1,2)
0
3,5,2,1,5,2(6,5)
0
5,5,5,5,5,2(6,4)
0.0025349707249693
2,3,4,4,1,2(6,5)
0
1,5,5,5,5,2(6,4)
0
4,4,5,1,2,5(1,3)
0
4,4,1,2,2,3(5,4)
0
1,4,2,3,2,4(5,3)
0
3,3,2,1,1,2(1,4)
0
1,2,2,3,3,4(5,1)
0
4,1,5,2,3,2(6,3)
0
1,1,5,3,3,5(5,1)
0
4,4,1,2,2,3(1,3)
0
2,5,4,5,5,2(5,2)
0
1,1,2,3,3,4(6,3)
0
5,5,4,5,5,2(5,2)
0
5,2,4,5,3,2(5,1)
0
3,1,2,1,3,2(6,4)
0
3,5,2,1,5,4(1,2)
0
5,1,5,5,3,5(1,3)
0
2,1,5,5,3,5(1,3)
0
1,5,4,3,1,2(5,2)
0
4,3,1,2,1,3(5,3)
0
5,2,2,1,4,4(5,2)
0
3,2,2,1,4,4(5,2)
0
3,2,2,1,4,3(1,2)
0
3,3,2,2,1,4(5,2)
0
4,3,2,2,1,4(5,2)
0
1,4,4,3,2,2(5,3)
0
4,1,5,2,3,1(5,1)
0
5,1,3,5,3,1(6,4)
0
1,1,4,5,3,2(6,5)
-0.0003501850153097
2,1,4,5,3,2(6,5)
-8.7072712257154e-05
2,2,5,4,4,1(1,1)
0
2,5,3,4,5,1(1,1)
0
5,5,5,5,5,5(5,3)
0
1,5,4,5,5,2(1,5)
0
1,1,2,3,4,4(1,3)
0
1,5,5,5,5,5(5,3)
-0.0011502199087486
2,5,5,5,5,5(5,3)
6.94415120138e-05
1,4,4,3,2,2(6,5)
0
5,3,5,5,1,5(5,4)
0
5,2,5,5,4,1(1,4)
0
5,5,2,1,5,4(6,1)
0
5,5,4,5,5,2(1,1)
0
3,3,2,1,1,4(1,1)
0
2,5,4,5,5,2(1,1)
0
4,5,5,2,5,5(5,1)
-6.3140235854815e-05
2,2,1,5,4,3(5,1)
0
5,1,4,5,3,2(6,5)
0
1,2,3,3,4,1(6,4)
0
1,3,2,3,1,4(6,2)
0
2,3,5,5,1,5(5,4)
0
3,4,1,1,2,3(6,5)
0.00077998243985483
4,4,5,1,2,5(5,1)
0
1,5,2,3,5,4(5,3)
-0.0012152460078942
5,1,5,5,3,2(5,5)
4.1645650634895e-05
4,4,3,1,2,1(5,3)
0
5,2,3,5,4,1(1,1)
0
1,1,2,5,3,4(6,5)
0
2,2,3,5,4,1(1,1)
0
1,5,2,3,5,4(5,1)
0
1,1,4,3,3,2(1,5)
0
5,5,2,1,5,4(5,2)
0
5,2,4,1,4,2(6,5)
0
4,2,3,2,4,1(5,5)
0
3,2,4,1,4,2(6,5)
0
1,1,2,5,3,5(5,2)
0
1,4,4,3,2,2(6,3)
0
1,2,5,5,4,1(1,5)
0
3,2,5,1,4,5(6,4)
0
2,3,5,4,1,1(1,5)
0
2,2,5,4,4,1(5,5)
0
2,5,5,5,5,5(1,5)
0
1,5,5,5,5,5(1,5)
0
2,4,3,4,2,1(5,5)
0
4,1,1,2,3,3(6,1)
0
3,5,2,1,5,2(5,3)
0
3,5,2,1,5,3(5,1)
0
2,1,1,4,3,3(1,4)
0
1,5,2,3,5,4(6,1)
0
3,2,1,1,4,5(6,4)
0
4,4,5,2,2,5(6,4)
0
1,5,5,3,5,5(6,2)
0
3,2,5,2,4,1(6,5)
0
4,2,5,2,4,1(6,5)
0
4,4,5,2,2,5(5,4)
0.00012209070185141
2,2,3,4,4,1(6,5)
0
2,5,1,4,5,5(5,4)
0
4,5,5,2,5,2(5,4)
0.0012989682954317
5,3,4,1,1,2(1,3)
0
1,5,2,5,2,4(6,1)
0
1,5,5,3,5,5(5,3)
-0.00070186873230464
4,5,3,2,5,1(6,5)
0
4,5,2,2,5,4(1,5)
0
5,5,2,5,2,4(6,1)
0
3,2,2,1,4,4(6,3)
0
5,2,2,1,4,4(6,3)
0
5,3,5,2,1,5(6,3)
0
4,3,5,2,1,5(6,3)
-0.00087713424163999
5,5,2,5,2,4(5,3)
-0.00054781076229285
3,4,4,1,2,2(1,1)
0
1,2,2,1,4,4(6,3)
0
3,1,2,1,3,4(5,4)
0
2,1,4,5,3,2(1,1)
0
4,2,3,2,4,1(6,5)
0
1,4,2,3,2,4(1,5)
0
2,5,3,4,1,1(5,3)
0
5,5,2,5,2,4(5,5)
0
3,4,1,1,2,3(1,4)
0
1,2,1,3,4,3(5,2)
0
4,2,3,1,4,1(5,2)
0
3,2,3,1,4,1(5,2)
0.00011355867365422
1,5,2,5,2,4(5,5)
0.00067328265194392
1,4,5,5,2,1(5,3)
0
2,1,2,4,3,4(1,5)
0
1,4,2,3,2,4(5,4)
0
5,1,4,5,3,2(1,1)
0
2,2,5,4,4,5(5,5)
0.0018720168438279
5,4,5,5,2,5(6,2)
0
5,5,5,5,5,5(6,1)
0
5,5,4,5,5,2(6,3)
0
5,1,5,5,3,2(1,2)
0
1,5,5,5,5,5(6,1)
0
2,5,5,5,5,5(6,1)
0
1,5,4,5,5,2(6,3)
0
2,5,4,5,5,2(6,3)
0
1,1,2,3,4,4(1,4)
0
3,4,5,1,2,1(5,1)
0
4,5,5,2,5,2(6,5)
0
2,4,1,5,2,5(5,1)
0
1,2,4,3,4,2(1,5)
0
2,5,3,4,1,1(6,3)
0
2,4,3,4,2,1(6,4)
0
3,5,4,1,2,2(6,5)
0
5,5,4,1,2,2(6,5)
0
2,2,5,4,4,1(1,3)
0
2,2,1,4,4,3(1,1)
0
5,5,5,1,2,2(5,4)
0.0013408004682123
1,3,5,3,1,5(6,3)
0
4,3,2,2,1,4(6,5)
0
5,5,1,5,5,3(1,3)
0
5,5,2,5,5,4(6,5)
0
4,1,5,2,3,2(6,1)
0
2,2,1,5,4,3(1,4)
0
4,1,5,2,3,1(6,4)
0
1,5,5,3,5,5(5,4)
0
2,5,4,5,5,2(1,3)
0
1,5,4,5,5,2(1,3)
0
4,5,2,2,5,3(5,4)
0
5,2,3,5,4,1(1,2)
0.0018532423334538
1,3,4,3,1,2(6,1)
0
5,1,3,5,3,1(1,4)
0
3,2,5,1,4,5(6,1)
0
2,1,5,5,4,2(5,2)
0
3,3,2,2,1,4(6,5)
0
3,1,2,1,3,4(1,4)
0
4,4,5,2,2,5(1,3)
0
3,4,2,1,2,4(1,1)
0
2,5,3,4,1,1(6,5)
0
1,2,3,5,4,1(1,2)
0
5,1,3,5,3,1(5,4)
0
1,5,2,5,5,5(1,2)
0
2,3,1,4,1,3(5,3)
0
5,5,4,5,5,2(1,2)
0
5,5,2,5,5,4(1,3)
0.00097736758391162
3,5,2,1,5,3(6,4)
0
2,1,2,4,3,4(1,3)
0
4,1,4,2,3,2(6,4)
0
5,1,4,2,3,2(6,4)
0
1,5,4,5,5,2(1,2)
0
1,5,2,5,5,4(1,3)
0
2,2,1,4,4,3(5,3)
0
2,2,1,4,4,3(1,4)
0
5,5,2,1,5,4(5,4)
0.0011016409449037
3,4,4,1,2,2(1,4)
0
3,5,2,1,5,4(5,4)
0.0008933551539775
2,4,3,5,2,1(6,3)
0
1,4,3,5,2,1(6,3)
0
1,2,2,1,4,4(5,3)
-0.0017961732068662
5,1,5,5,3,5(1,4)
0.00032525846155287
5,5,5,5,5,2(5,3)
0
2,5,3,4,1,1(1,4)
0
2,5,5,5,5,2(5,3)
0
2,1,5,5,3,5(1,4)
0
3,1,2,1,3,2(6,5)
0
3,5,4,1,2,2(1,2)
0
1,5,5,5,2,2(1,4)
0
5,2,2,1,4,4(5,3)
0
3,2,2,1,4,4(5,3)
-0.00091813609055353
4,5,2,2,5,3(5,1)
0
5,5,2,1,5,4(1,3)
0
2,5,5,5,5,2(6,1)
0
5,5,5,5,5,2(6,1)
0
4,1,2,2,3,4(5,5)
0.0016158676036371
2,2,3,4,4,1(6,2)
0.0069311625408748
5,2,2,5,4,3(6,5)
0.00069321235977542
3,1,2,1,3,4(6,1)
0
2,1,2,4,3,4(5,1)
0
4,1,5,2,3,5(6,3)
0
2,1,5,5,3,2(1,4)
0
4,3,2,2,1,3(6,1)
0
1,2,4,3,4,2(6,1)
-0.00088820900852303
4,2,3,2,4,1(6,3)
0
5,3,2,5,1,3(6,4)
0
1,2,5,3,4,2(6,4)
0.00092348348191102
2,1,4,4,3,2(1,3)
-0.001385066719733
1,5,5,5,2,2(6,4)
0
1,3,2,3,1,4(5,4)
0
4,1,2,2,3,4(6,1)
0
5,5,2,5,2,4(1,1)
0
4,3,1,2,1,3(1,1)
0
2,5,1,4,5,3(5,4)
0.00089921718657693
1,1,2,5,3,5(6,3)
0
4,2,5,2,4,1(6,2)
0
3,2,5,2,4,1(6,2)
0
3,2,5,1,4,2(5,1)
-0.0010030378287959
4,4,1,2,2,3(5,5)
0.0015145437425675
3,2,4,1,4,2(6,4)
0
1,1,2,3,3,4(6,5)
0
3,2,5,1,4,2(6,4)
0
4,1,5,2,3,5(6,4)
0
4,1,5,2,3,2(1,3)
0
1,2,4,3,3,2(5,4)
0
4,5,4,2,5,2(1,3)
0
1,2,2,3,4,4(6,1)
-0.0012581914180516
4,4,3,2,2,1(6,5)
0
2,3,5,4,1,1(6,5)
0
5,1,3,5,3,1(5,1)
0
2,2,1,5,4,5(6,4)
0
1,5,2,3,5,4(1,4)
0
5,2,2,5,4,4(5,5)
0.00028647333875366
2,1,5,5,4,2(1,3)
0
3,4,3,1,2,1(1,1)
0
4,4,3,1,2,1(1,1)
0
1,5,2,5,5,4(5,1)
0
5,5,2,5,5,4(5,1)
0
3,2,2,1,4,3(1,5)
0
4,3,2,2,1,3(5,5)
0
4,4,5,1,2,5(6,3)
0
3,4,5,1,2,5(6,3)
0
1,1,5,3,3,5(6,3)
0
2,3,5,4,1,2(1,3)
0
1,2,5,3,4,5(1,2)
0
3,2,1,2,4,3(6,1)
0
2,1,4,5,3,2(6,4)
0
4,2,3,2,4,1(5,2)
0.00017174929400808
5,1,2,5,3,4(6,2)
0
4,4,3,1,2,1(1,5)
0
3,4,3,1,2,1(1,5)
0
5,3,2,5,1,3(6,5)
0
5,1,4,5,3,2(6,4)
0
5,5,5,5,5,2(1,2)
0
1,2,3,5,4,1(1,3)
0
3,1,2,1,3,4(6,5)
0
5,5,1,5,5,3(5,3)
0
1,5,5,5,5,2(1,2)
0
5,2,3,5,4,1(1,3)
0
2,2,3,5,4,1(1,3)
0
1,2,2,3,3,4(6,1)
0
4,5,5,2,5,1(1,1)
0
5,5,4,1,2,2(6,1)
0
4,5,5,2,5,2(1,2)
0
3,5,4,1,2,2(6,1)
0
1,2,5,5,4,1(5,3)
-0.0015260465574726
1,1,2,3,3,4(5,5)
0
1,5,5,5,2,2(5,4)
0.00013257323339804
2,1,5,4,3,5(5,4)
0.0043897898134267
5,2,2,1,4,4(5,1)
0
5,2,4,5,3,2(5,5)
0
1,2,2,1,4,4(5,1)
0
2,5,3,4,1,1(1,3)
-0.0015396356831432
1,2,5,3,4,2(1,5)
0
3,2,3,1,5,1(6,2)
0
3,3,2,2,1,4(6,1)
0
4,3,2,2,1,4(6,1)
0
1,2,2,3,4,4(5,5)
-1.85916824175e-05
3,1,2,1,3,2(1,2)
0
1,1,2,3,4,4(6,2)
0
1,5,2,5,5,4(1,2)
0
1,2,5,5,4,1(6,5)
0
5,5,2,5,5,4(1,2)
0
5,2,5,5,4,1(6,5)
0
1,4,5,3,2,5(6,2)
0
5,1,4,2,3,2(6,3)
0
4,1,4,2,3,2(6,3)
-0.0014043873107928
4,1,5,2,3,2(1,5)
0
2,5,3,4,5,1(6,5)
0
4,1,2,2,3,4(6,5)
0
3,4,5,1,2,5(6,2)
0
1,1,4,3,3,2(6,4)
0
4,4,3,1,2,1(5,1)
0
3,4,3,1,2,1(5,1)
0
3,4,3,1,2,1(5,5)
0
1,5,4,3,1,2(5,3)
0
4,4,3,1,2,1(5,5)
0
2,3,4,4,1,2(1,5)
0
2,5,1,4,5,3(5,1)
0
1,4,5,5,2,2(6,5)
0
4,1,5,2,3,2(1,1)
0
1,3,5,3,1,5(1,2)
0.00049268503486258
2,2,5,4,4,1(5,1)
0
2,3,5,4,1,1(6,2)
0
1,2,4,3,3,2(6,3)
0
5,1,5,5,3,2(6,1)
0
3,1,4,1,3,2(1,4)
0
1,2,5,3,4,5(5,3)
-0.0014108170654667
5,2,5,5,4,1(5,3)
-0.0016189577444146
1,2,5,5,4,5(1,4)
0
2,2,1,4,4,5(5,1)
0
5,2,5,5,4,5(1,4)
0
2,2,5,5,4,5(1,4)
0
2,2,1,4,4,5(1,4)
0
1,2,5,5,4,2(6,4)
0
4,4,1,2,2,3(6,1)
0
2,2,1,5,4,5(1,4)
0
2,3,4,4,1,2(6,4)
0
4,3,4,2,1,2(5,4)
0
1,4,5,5,2,1(6,2)
0
2,2,3,4,4,1(5,1)
-0.00073636936069479
3,4,2,1,2,4(6,2)
0
1,2,5,3,4,5(6,2)
0
1,1,2,5,3,5(1,4)
0
3,5,4,1,1,2(5,5)
0
3,5,4,1,1,2(5,3)
0
2,3,5,4,1,5(1,5)
-0.00077052118003349
5,5,4,1,2,2(1,3)
0
4,5,5,2,5,1(6,5)
0
2,2,5,4,4,5(5,2)
0
2,1,4,4,3,2(6,1)
0
5,2,2,5,4,4(6,5)
0
1,1,5,3,3,5(5,2)
0
1,2,2,5,4,4(6,5)
0
5,2,1,5,4,3(1,2)
0
1,5,2,5,5,4(1,5)
0
5,5,1,5,5,3(1,1)
0
2,1,3,4,3,1(1,1)
0
4,1,5,2,3,2(1,2)
0
2,4,3,5,2,1(6,5)
0
1,4,3,5,2,1(6,5)
0
1,5,5,5,2,2(5,3)
-0.00088162414593141
3,4,4,1,2,2(6,4)
0
3,2,3,1,5,1(5,4)
0
1,3,2,5,1,4(6,1)
0
3,2,3,1,5,1(5,2)
0
4,3,5,2,1,1(5,3)
0
3,5,4,1,5,2(5,4)
0.00086232291443251
5,5,4,1,5,2(5,4)
0
1,1,2,5,4,4(1,4)
0
1,3,4,3,1,2(5,4)
0
2,1,5,5,4,2(1,5)
0
5,5,2,2,5,4(5,4)
0.0019529852919342
4,5,2,2,5,4(5,4)
0.0063415994197485
4,2,1,2,4,3(5,2)
0.00035823947740423
3,2,1,2,4,3(5,2)
0
4,3,5,2,1,5(5,5)
0
5,1,3,5,3,1(6,5)
0
5,3,5,2,1,5(5,5)
0
3,5,2,1,5,3(1,5)
0
1,2,4,3,4,2(6,4)
0
4,3,5,2,1,1(6,2)
0
4,2,5,2,4,1(5,3)
0
3,2,5,2,4,1(5,3)
0
3,2,5,1,4,2(6,5)
0.002855504033763
1,1,2,3,3,4(1,5)
0
3,5,4,1,1,2(5,2)
0
3,2,3,1,4,1(5,5)
0
4,2,3,1,4,1(5,5)
0
3,2,5,1,4,5(1,2)
0.0059395144086195
2,5,3,4,5,1(5,4)
0
4,1,5,2,3,1(5,2)
0
3,2,1,1,4,5(5,2)
0
5,5,4,1,2,2(5,5)
0
5,2,2,5,4,3(1,3)
0
3,5,4,1,2,2(5,5)
0
3,5,4,1,1,2(6,3)
0
4,1,4,2,3,2(5,1)
-5.3556318476269e-05
1,4,5,5,2,1(5,5)
0
2,1,5,4,3,5(6,1)
0
4,3,2,2,1,4(1,3)
0
5,2,2,1,4,4(6,2)
0
2,1,4,4,3,2(6,3)
-0.0014392726250253
1,2,2,1,4,4(6,2)
0
1,5,2,5,5,5(6,1)
0
3,2,5,1,4,1(6,4)
0.0025353804160458
5,4,5,5,2,5(1,3)
0
3,2,2,1,4,3(5,5)
0.00097401660330935
1,4,3,5,2,1(1,3)
0
2,4,3,5,2,1(1,3)
0
4,3,5,2,1,5(1,5)
0
3,5,2,1,5,3(1,1)
0
5,2,5,5,3,5(5,5)
0
2,2,1,4,4,3(1,3)
0
5,4,1,5,2,3(1,1)
0
4,2,1,2,4,3(5,1)
0
3,2,1,2,4,3(5,1)
0
3,5,4,2,5,2(6,5)
0
2,5,1,4,5,3(6,1)
0
2,2,1,5,4,3(5,5)
0
2,1,5,4,3,1(1,1)
-4.9136903926638e-05
4,5,4,2,5,2(6,5)
0
2,5,3,4,5,1(6,3)
0
5,2,1,5,4,3(5,5)
0
4,2,1,2,4,3(1,1)
0
2,2,5,4,4,5(6,3)
0.00020411073557647
5,2,5,5,3,5(6,4)
0
4,1,5,2,3,5(5,4)
0
3,4,5,1,2,1(1,4)
0
3,2,3,1,5,1(6,3)
0
1,1,5,3,3,5(6,4)
0
5,2,4,5,3,2(1,2)
0
3,5,5,1,5,5(1,5)
0
4,5,4,2,5,2(6,4)
0
2,3,5,4,1,2(1,5)
0
1,5,4,3,5,2(1,2)
0
5,5,4,1,5,2(1,3)
0
4,5,5,2,5,5(1,2)
0
5,5,5,5,5,5(5,4)
0
2,5,3,4,1,1(1,1)
0
2,4,3,4,2,1(1,5)
0
2,5,4,5,5,2(5,4)
0.002227945192415
1,5,4,5,5,2(5,4)
0
2,1,1,4,3,3(5,5)
-2.9912868979549e-05
5,5,4,5,5,2(5,4)
0
1,5,5,5,5,5(5,4)
0
1,5,2,5,5,5(6,4)
0
1,4,5,3,2,5(1,3)
0
4,2,1,2,3,3(1,3)
0
5,5,5,5,5,2(6,3)
0
2,5,5,5,5,2(6,3)
0
1,5,5,5,5,2(6,3)
0
2,1,5,4,3,1(6,5)
0
4,3,5,2,1,5(5,3)
0
5,3,5,2,1,5(5,3)
0
1,2,3,3,4,1(6,2)
0
2,5,3,4,5,1(1,4)
0
2,5,3,4,5,1(1,5)
0
3,2,1,1,4,5(1,2)
0
4,2,5,2,4,5(5,2)
0
3,4,5,1,2,1(1,1)
0
2,2,5,4,4,1(1,5)
0
5,2,1,5,4,3(1,1)
0
1,1,4,3,3,2(5,1)
0
2,1,5,5,4,2(5,5)
0
2,2,1,4,4,5(6,1)
0
4,5,4,2,5,2(6,3)
0
4,4,1,2,2,3(1,2)
0
2,1,3,4,3,1(6,2)
0.002966457325654
1,1,2,5,4,4(6,3)
0
2,1,5,4,3,1(6,3)
0
3,1,2,1,3,2(6,3)
0
1,2,5,5,4,5(6,2)
0
2,2,5,5,4,5(6,2)
0
4,5,2,2,5,4(1,2)
0
2,1,5,4,3,5(6,3)
0
5,2,1,5,4,3(6,2)
0
2,2,5,4,4,1(6,2)
0
5,2,5,5,4,5(6,2)
0
3,5,4,2,5,2(6,3)
0
5,1,2,5,3,4(1,2)
0
3,1,4,1,3,2(6,4)
0
1,1,2,5,3,4(1,2)
0
2,2,1,5,4,3(6,2)
0
2,3,5,4,1,1(1,4)
0
3,2,3,1,5,1(5,1)
-0.0015672274620807
1,2,5,5,4,1(5,2)
7.922001868928e-05
3,1,4,1,3,2(1,1)
0
2,2,5,5,4,5(6,3)
0
5,2,5,5,4,5(6,3)
0
1,3,2,5,1,4(5,4)
0.0016373362488387
3,2,5,1,4,5(6,2)
0.00022025145204633
2,1,5,4,3,1(5,2)
0.0028463838207307
1,2,5,5,4,5(6,3)
0
2,2,1,4,4,5(6,4)
0
1,4,3,5,2,1(5,1)
0
1,2,4,3,3,2(5,5)
0
2,3,5,4,1,5(5,4)
0
4,1,5,2,3,1(6,3)
0
4,3,2,2,1,4(5,4)
0.0047121160440508
3,3,2,1,1,4(1,4)
0.0028308205339904
2,1,4,5,3,2(1,3)
0
1,1,4,5,3,2(1,3)
0
3,5,2,1,5,2(6,1)
0
1,1,2,3,3,4(5,1)
0
3,4,5,1,2,1(6,3)
0
4,2,1,2,3,3(6,1)
0
5,1,4,5,3,2(1,3)
0
3,1,2,1,3,4(5,2)
0
1,1,4,5,3,2(6,3)
0
1,2,1,3,4,3(1,2)
0
5,1,5,5,3,2(1,1)
0
1,5,2,5,5,5(1,4)
0
5,1,4,5,3,2(6,3)
0
2,1,4,5,3,2(6,3)
0
5,2,5,5,4,5(5,5)
0
5,4,1,5,2,3(1,4)
0
2,2,5,5,4,5(5,5)
0
1,2,5,5,4,5(5,5)
0
4,2,1,2,3,3(6,4)
0
4,2,5,2,4,5(5,3)
-0.00039831693612028
4,5,3,2,5,1(6,3)
0.00030821254487287
5,3,5,5,1,5(1,4)
0
2,1,5,4,3,1(1,3)
0
2,3,5,5,1,5(1,4)
0
3,5,2,1,5,3(5,2)
0
5,1,4,5,3,2(6,1)
0
3,2,5,1,4,1(1,4)
0
1,5,2,5,5,5(5,2)
0
1,1,4,5,3,2(6,1)
0
2,1,4,5,3,2(6,1)
-0.0013113289488773
2,5,5,4,5,5(5,4)
0.0027244207443205
1,4,3,5,2,1(5,3)
0
4,2,5,2,4,1(1,2)
0
3,2,5,2,4,1(1,2)
0
3,4,2,1,2,4(6,3)
0
1,5,5,5,5,5(1,3)
0
2,3,5,4,1,1(6,4)
0
4,2,3,2,4,1(1,5)
0
5,5,2,2,5,4(1,3)
0
4,5,2,2,5,4(1,3)
0
3,4,2,1,2,4(5,3)
0
2,5,5,5,5,5(1,3)
0
2,5,1,4,5,5(6,1)
0
1,4,5,3,2,5(5,5)
-0.00054416990814401
3,2,2,1,4,4(5,5)
0.0012544427938129
3,3,2,1,1,4(1,2)
0
3,4,4,1,2,2(6,5)
-6.4098091368128e-05
1,3,5,3,1,5(1,3)
0
5,2,4,5,3,2(5,2)
0
1,2,2,1,4,4(5,5)
2.7991857630768e-05
1,4,5,5,2,1(1,4)
0
5,2,2,5,4,3(6,4)
0
4,5,1,2,5,3(1,1)
0
5,3,2,5,1,3(1,4)
0
5,5,5,1,2,2(1,3)
0
2,5,4,5,5,2(6,4)
0
2,1,3,4,3,1(5,4)
0
3,5,2,1,5,4(1,5)
0
2,3,1,4,1,3(1,4)
0
4,1,5,2,3,1(1,2)
0.0015457674440255
5,2,5,5,3,5(1,4)
0
1,4,5,5,2,1(5,1)
0
1,4,5,5,2,1(6,5)
0
4,4,1,2,2,3(1,1)
0
4,3,5,2,1,5(5,4)
0
1,2,5,3,4,2(1,2)
0
2,5,5,5,5,2(5,2)
0
1,2,5,5,4,2(6,1)
0
2,5,5,5,5,2(6,5)
0
2,5,5,5,5,2(6,4)
0
2,5,5,5,5,2(1,4)
0
5,5,5,1,2,2(6,5)
0
4,4,1,2,2,3(1,5)
-0.00014712102578594
2,5,5,5,5,2(1,1)
0
2,3,1,4,1,3(1,1)
0
1,5,5,5,2,2(6,3)
0
3,4,4,1,2,2(5,4)
0.00014186412204136
1,3,4,5,1,2(6,3)
0
1,5,5,5,2,2(6,1)
0
2,1,5,5,4,2(5,3)
0
2,1,5,5,4,2(6,5)
0
2,1,5,5,4,2(1,1)
0
2,2,5,4,4,1(5,2)
0
3,2,5,1,4,2(1,5)
0
2,2,5,4,4,1(6,4)
0
2,2,1,5,4,5(5,2)
0.00056873295879416
2,2,3,4,4,1(6,3)
0
3,5,5,1,5,5(5,3)
-3.8373802654739e-05
4,1,5,2,3,1(6,2)
0
2,2,5,4,4,1(1,4)
0
1,2,2,5,4,4(1,5)
0
1,5,5,5,5,2(5,3)
0
1,5,5,5,5,2(5,2)
0
1,5,5,5,5,2(6,1)
0
3,5,2,1,5,4(5,3)
-0.00018804390501403
1,5,5,5,5,2(1,3)
0
5,2,2,5,4,4(1,2)
0
1,2,5,5,4,1(5,5)
-0.00041282896025138
1,2,5,5,4,1(5,1)
0
3,3,4,1,1,2(5,4)
0
1,2,2,5,4,4(1,2)
0
5,3,4,1,1,2(5,4)
0.00077519105232639
1,2,5,5,4,1(6,4)
0
4,3,5,2,1,1(5,2)
0
4,4,5,2,2,5(6,3)
0
1,2,5,5,4,1(6,2)
0
1,2,5,5,4,1(1,4)
0
1,2,5,5,4,1(1,3)
0
2,2,1,4,4,3(6,1)
0.0036603953856415
2,4,3,4,2,1(6,5)
0
1,5,2,3,5,4(1,2)
0
2,3,1,4,1,3(6,1)
0
1,4,5,5,2,2(5,3)
0
1,4,5,5,2,2(6,4)
0
3,2,4,1,4,2(1,1)
0.0032842164825046
1,4,5,5,2,2(6,3)
0
5,2,4,1,4,2(1,1)
0
1,5,4,5,5,2(5,2)
0
1,4,5,5,2,2(1,5)
0
1,4,5,5,2,2(1,4)
0
5,5,4,1,2,2(5,4)
0
5,4,5,5,2,5(6,4)
0
2,1,5,5,3,2(5,5)
0
4,5,2,2,5,4(1,1)
0
2,1,5,5,3,2(5,4)
0
4,3,4,2,1,2(1,2)
0
2,1,5,5,3,2(5,2)
0.0026071109670152
2,3,5,5,1,5(6,2)
0
2,1,5,5,3,2(5,1)
0
1,1,2,3,4,4(5,3)
0
5,3,5,5,1,5(6,2)
0
1,3,2,5,1,4(5,2)
0
5,3,5,2,1,5(6,4)
0.00067108348633834
5,2,4,5,3,2(1,1)
0
3,3,2,1,1,4(6,2)
0
2,1,5,5,3,2(6,3)
0
2,1,5,5,3,2(6,1)
0
3,2,5,1,4,1(1,1)
0
5,2,2,1,4,4(1,4)
0
2,1,5,5,3,2(1,3)
0
2,1,5,5,3,2(1,1)
0
1,2,3,3,4,1(6,3)
0
4,3,4,2,1,2(6,1)
0
2,1,3,4,3,1(1,5)
-0.00076242823388196
4,4,5,2,2,5(5,3)
0
5,5,4,5,5,2(6,4)
0
2,1,5,4,3,1(6,2)
0
5,3,2,5,1,3(6,1)
0
2,3,5,4,1,2(6,4)
0
2,1,2,5,3,4(5,2)
0
1,4,2,3,2,4(5,1)
0
1,4,2,3,2,4(6,5)
0
1,4,2,3,2,4(6,2)
0
1,4,2,3,2,4(1,4)
0
1,1,2,3,4,4(1,2)
0
2,2,5,4,4,5(5,3)
0
3,4,4,1,2,2(5,3)
0
3,5,2,1,5,4(5,1)
-0.00075199791622581
1,2,4,3,3,2(1,5)
7.4469138471248e-05
5,5,1,5,5,3(6,2)
0.0014201790011987
1,2,1,3,4,3(1,3)
0
5,1,4,2,3,2(6,1)
0
4,1,4,2,3,2(6,1)
0
2,3,4,4,1,2(5,3)
0
2,3,5,5,1,5(1,5)
0
1,2,1,3,4,3(6,2)
0
4,5,5,2,5,5(5,2)
0.00665081555716
2,1,2,5,3,4(6,5)
0
2,1,2,5,3,4(6,2)
0
2,1,2,5,3,4(6,1)
0
3,3,2,1,1,2(6,5)
0
3,2,4,1,4,2(5,1)
-0.0023660259642826
5,2,5,5,3,5(6,3)
0
2,5,5,4,5,5(1,1)
0
2,3,1,4,1,3(6,5)
0
4,1,1,2,3,3(5,5)
0.0016981712517996
2,1,2,5,3,4(1,4)
0
1,5,4,3,5,2(1,3)
0
1,2,5,5,4,1(6,3)
0
4,3,1,2,1,3(5,2)
0
5,2,3,5,4,1(6,2)
0
2,1,2,5,3,4(1,1)
0
1,3,5,3,1,5(1,5)
0
1,2,2,3,3,4(5,4)
0
4,2,1,2,3,3(6,2)
0
3,2,5,1,4,5(5,3)
-0.0018502271080798
1,5,2,5,2,4(5,4)
0
4,5,2,2,5,3(6,5)
0
1,2,4,3,3,2(1,2)
0
1,5,2,5,2,4(5,3)
-0.0014074103379245
1,5,2,5,2,4(5,1)
0
1,5,2,5,2,4(6,5)
0
4,3,5,2,1,5(1,1)
0
4,1,2,2,3,4(5,4)
0.0022364461265695
5,1,4,5,3,2(5,1)
0
1,3,2,5,1,4(5,3)
0
5,3,2,5,1,3(5,4)
0
2,1,4,5,3,2(5,1)
0
1,1,4,5,3,2(5,1)
0
2,2,3,5,4,1(6,2)
0
4,2,5,2,4,5(6,2)
0
5,5,4,1,5,2(5,2)
0
3,5,4,1,5,2(5,2)
0
3,2,2,1,4,4(6,2)
0.00097520824219498
1,5,2,5,2,4(1,2)
0
3,2,5,1,4,5(5,5)
-0.00021577868240711
3,3,2,1,1,2(1,1)
0
5,2,1,5,4,3(5,1)
0
5,1,5,5,3,2(6,5)
0
4,5,1,2,5,3(5,2)
0
2,4,1,5,2,5(5,4)
0
2,1,5,5,3,2(6,5)
0
4,3,1,2,1,3(1,2)
0
3,4,1,1,2,3(5,5)
0
4,5,2,2,5,3(1,3)
0
5,3,5,5,1,5(5,3)
0
2,4,1,5,2,5(6,4)
0.0021139333952713
4,2,3,2,4,1(5,1)
0
4,3,5,2,1,5(6,4)
0
5,2,5,5,3,5(5,1)
0
2,3,5,5,1,5(5,3)
-0.00035789867909195
2,4,1,5,2,5(6,2)
0
2,4,1,5,2,5(1,5)
0
1,5,2,5,2,4(6,2)
0
5,5,4,1,2,2(1,2)
0
2,2,1,4,4,3(6,5)
0
3,4,5,1,2,5(5,1)
0
4,5,1,2,5,3(1,3)
-0.0019206783296453
3,4,3,1,2,1(6,4)
0
3,4,3,1,2,1(5,3)
0
3,1,4,1,3,2(6,1)
0
3,5,2,1,5,4(6,1)
0
1,5,4,3,5,2(5,3)
0
4,4,3,1,2,1(6,4)
0
5,1,2,5,3,4(6,5)
0
1,1,2,5,4,4(1,3)
0
5,5,5,5,5,2(1,3)
0
2,5,5,5,5,2(1,3)
0
3,2,5,1,4,5(1,4)
0.0014249673299183
2,2,1,4,4,3(5,2)
0
5,1,2,5,3,4(5,2)
0
3,5,2,1,5,2(1,2)
0
5,5,5,1,2,2(6,4)
0
5,5,5,1,2,2(6,3)
0
3,5,4,2,5,2(1,4)
0
1,2,4,3,4,2(1,4)
0.0071473693091381
5,1,3,5,3,1(1,1)
-0.0014763256442805
5,4,1,5,2,3(1,3)
0
5,5,5,1,2,2(1,2)
0
4,3,4,2,1,2(6,4)
0
3,5,4,1,2,2(6,4)
0
3,3,2,1,1,4(6,3)
0
3,5,2,1,5,4(5,2)
0.00098131273482801
2,2,3,4,4,1(6,4)
0
5,2,5,5,3,5(6,1)
0
5,5,5,1,2,2(1,4)
0
5,5,4,1,5,2(1,2)
0
1,1,2,5,3,5(1,3)
0
4,5,1,2,5,3(6,2)
0
5,5,1,5,5,3(6,4)
0.0018146949110311
5,5,5,1,2,2(5,5)
0
5,5,4,1,2,2(5,1)
0
1,3,4,5,1,2(1,3)
0
2,5,5,4,5,5(6,2)
0.0016583211949511
5,2,5,5,4,1(6,2)
0
5,5,4,1,2,2(1,4)
0
1,4,4,3,2,2(6,4)
0
1,5,2,5,5,4(5,3)
0
2,3,4,4,1,2(1,1)
0
1,2,2,5,4,4(5,5)
-0.00056187836046919
5,2,5,5,4,1(6,3)
0
1,2,2,5,4,4(5,3)
-0.0017602969391435
2,3,5,5,1,5(1,3)
0
2,1,3,4,3,1(1,4)
0
1,2,5,5,4,2(1,4)
0
2,2,1,5,4,5(6,1)
0
1,2,2,5,4,4(6,2)
0
4,4,3,2,2,1(6,3)
0
2,2,3,4,4,1(1,3)
0
2,1,1,4,3,3(5,2)
0
5,5,1,5,5,3(5,2)
0
1,2,2,5,4,4(1,3)
0
1,2,1,3,4,3(5,3)
0
1,5,2,5,5,4(5,4)
0.0049140313007237
3,5,4,1,1,2(1,2)
0
1,5,2,5,5,4(6,5)
0
3,5,4,1,5,2(1,2)
0
2,1,2,5,3,4(5,5)
0.0004153016506608
1,3,4,3,1,2(5,5)
0.00012449044706725
2,1,1,4,3,3(1,3)
0
1,1,2,5,3,4(5,5)
0
2,5,3,4,1,1(5,5)
0
3,2,5,1,4,1(6,3)
0
3,2,1,2,4,3(1,1)
0
5,1,2,5,3,4(5,5)
0.00089088737582539
5,5,4,1,5,2(6,5)
0
1,5,2,5,5,4(1,4)
0
1,1,2,5,4,4(6,1)
0
1,1,2,5,4,4(5,5)
2.5713384606326e-05
1,5,4,3,5,2(5,4)
0.0028841481314526
1,1,2,5,4,4(5,3)
0
1,1,2,5,4,4(5,2)
0
3,5,2,1,5,2(5,1)
0
3,2,1,1,4,5(1,5)
0
1,2,5,5,4,2(6,5)
0
3,3,2,1,1,2(5,3)
0
4,5,5,2,5,1(6,4)
0
3,4,1,1,2,3(5,1)
0
3,1,2,1,3,4(1,5)
0
5,2,2,5,4,3(6,2)
0
5,2,4,5,3,2(6,5)
4.0446958131665e-05
2,3,5,4,1,5(6,2)
0
2,3,1,4,1,3(5,2)
0
3,2,5,2,4,1(6,4)
0
1,5,4,3,1,2(1,4)
0
2,2,1,5,4,5(6,2)
0
3,2,5,2,4,1(1,5)
0
4,4,5,1,2,5(1,1)
0
3,4,5,1,2,5(1,1)
-0.00077780736289073
1,2,2,3,4,4(1,2)
0.0063061876013174
3,4,5,1,2,5(6,4)
0.0016837298621421
1,3,4,5,1,2(5,5)
0
1,2,5,3,4,2(5,5)
0
3,2,3,1,5,1(6,5)
0
5,2,3,5,4,1(1,4)
0
1,3,4,5,1,2(5,2)
0
1,3,4,5,1,2(6,5)
0
2,5,1,4,5,5(5,1)
0
1,2,3,5,4,1(1,4)
0
1,3,4,5,1,2(6,4)
0
2,5,1,4,5,3(1,1)
0
5,2,2,5,4,4(5,2)
0
2,1,5,4,3,1(1,4)
0
5,2,2,5,4,3(6,1)
0
1,3,4,5,1,2(1,5)
0
3,2,3,1,5,1(6,4)
0
2,1,3,4,3,1(6,5)
0
4,5,5,2,5,1(1,3)
-0.0019257023913231
2,2,5,4,4,5(1,3)
0
3,2,1,1,4,5(1,1)
0
5,4,5,5,2,5(1,4)
0
1,5,2,5,5,4(6,3)
0
5,1,5,5,3,5(5,1)
0
1,1,2,5,3,4(5,1)
0
1,1,2,5,3,4(6,3)
0
5,5,2,5,5,4(6,3)
-0.0012755247732971
1,1,2,5,3,4(6,2)
-0.00012706316516242
1,2,5,3,4,2(6,5)
0
1,1,2,5,3,4(6,1)
0
2,1,3,4,3,1(5,1)
0
2,1,1,4,3,3(6,5)
0
4,3,4,2,1,2(1,3)
0
3,2,2,1,4,3(6,4)
0
1,5,2,3,5,4(5,2)
0
4,1,5,2,3,5(6,2)
0
2,2,5,4,4,5(6,2)
0
5,3,5,5,1,5(5,2)
0.00097713282251398
2,4,3,4,2,1(1,3)
0
1,1,4,3,3,2(1,4)
0
2,1,4,4,3,2(5,4)
0
2,5,5,4,5,5(6,3)
0
1,4,4,3,2,2(1,3)
0
1,1,2,5,3,4(1,3)
0
4,1,2,2,3,4(1,1)
0
2,1,5,4,3,5(5,2)
0
2,3,4,4,1,2(1,3)
0
3,3,4,1,1,2(1,5)
0
1,5,2,5,5,5(5,4)
0.0022390654895714
2,5,4,5,5,2(5,1)
0
5,5,4,5,5,2(5,1)
0
1,5,2,5,5,5(5,3)
-0.00084547020717781
1,5,2,5,5,5(6,3)
0
5,1,3,5,3,1(6,2)
0
3,1,4,1,3,2(1,5)
0
3,1,4,1,3,2(1,2)
0
1,2,1,3,4,3(6,1)
0
5,1,5,5,3,5(1,1)
0
2,2,5,5,4,5(5,2)
0
3,1,2,1,3,4(5,5)
0.0015406909264115
2,1,5,5,3,5(1,1)
0
1,5,4,3,5,2(1,4)
0
1,5,4,5,5,2(5,1)
-0.00079074998270059
1,5,2,5,5,5(1,3)
0
4,4,1,2,2,3(5,3)
0
1,1,2,5,3,5(5,4)
0
1,2,2,3,3,4(6,5)
0
3,5,4,2,5,2(6,1)
0
4,5,4,2,5,2(6,1)
-0.0018076461102114
4,4,5,2,2,5(6,2)
0.0056616612953343
2,1,5,4,3,5(1,4)
0
3,5,5,1,5,5(6,4)
0
2,2,1,4,4,5(5,3)
0
2,1,4,5,3,2(1,5)
0
2,2,3,4,4,1(1,1)
-0.0012128680617221
1,1,2,5,3,5(1,5)
0
5,4,1,5,2,3(1,2)
0
2,1,5,4,3,5(1,3)
0
4,5,2,2,5,3(1,5)
0
1,1,2,5,3,5(1,2)
0
4,3,2,2,1,4(1,1)
-0.0007666060815509
5,4,1,5,2,3(6,2)
0
3,3,2,2,1,4(1,1)
0
2,3,5,5,1,5(1,1)
0
5,3,5,5,1,5(1,1)
0
2,1,2,4,3,4(5,4)
0
1,5,5,5,5,5(5,2)
0
2,3,4,4,1,2(6,3)
0
4,5,5,2,5,5(5,3)
0
2,1,2,4,3,4(5,5)
0
1,3,5,3,1,5(5,2)
0
1,5,5,5,5,5(6,4)
0
3,3,2,1,1,2(6,4)
0
1,1,5,3,3,5(6,1)
0
1,5,5,5,5,5(6,3)
0
1,2,2,5,4,4(5,2)
0.00013477816881671
1,5,5,3,5,5(6,4)
0
4,4,3,1,2,1(1,3)
0
4,1,2,2,3,4(1,5)
0
2,5,1,4,5,3(1,4)
0
1,2,5,5,4,2(1,3)
-0.00058080540905804
2,1,2,4,3,4(6,5)
0
1,1,2,3,4,4(6,1)
0
3,2,1,1,4,5(5,5)
0
1,1,2,3,4,4(6,5)
0
5,3,5,5,1,5(5,5)
0
1,4,5,3,2,5(5,1)
0
4,2,5,2,4,5(1,1)
0
1,5,4,3,1,2(1,2)
0.0015219626289218
1,4,5,3,2,5(6,3)
0
2,2,1,4,4,5(6,3)
0
1,4,5,3,2,5(6,1)
0
3,4,2,1,2,4(5,5)
0
5,1,4,5,3,2(5,5)
0
2,1,4,5,3,2(5,5)
0
5,2,5,5,4,1(1,1)
0
3,4,5,1,2,1(5,3)
-0.0016593129607295
2,5,5,5,5,5(6,3)
0
1,2,2,5,4,4(5,1)
0
5,5,2,5,5,4(1,1)
-0.0010177633641608
2,5,5,4,5,5(1,5)
0
1,5,2,3,5,4(5,4)
0
5,5,2,2,5,4(5,2)
0
2,2,1,5,4,3(1,5)
0
5,4,1,5,2,3(5,4)
0
1,1,4,5,3,2(5,5)
0.00044481556418148
5,2,2,1,4,4(6,5)
0
5,5,2,2,5,4(1,2)
0
4,4,3,1,2,1(1,2)
0
5,2,2,5,4,4(1,3)
0
1,2,3,3,4,1(6,5)
0
5,1,4,5,3,2(5,4)
0.0017650771104118
5,1,4,5,3,2(5,2)
0
1,3,2,5,1,4(6,3)
0
5,2,1,5,4,3(1,4)
0
5,5,5,5,5,2(5,2)
0
1,2,2,3,3,4(5,5)
1.5282395139481e-05
1,3,5,3,1,5(1,4)
0
3,5,4,2,5,2(5,4)
0
4,5,4,2,5,2(5,4)
0
5,5,4,1,5,2(6,4)
0.0012403357484029
2,2,1,4,4,3(1,5)
0
3,4,1,1,2,3(6,4)
0
1,2,5,3,4,2(6,3)
0
4,5,5,2,5,5(6,2)
0.0016766198995895
1,1,5,3,3,5(6,2)
0
3,4,1,1,2,3(1,2)
0
3,2,5,1,4,1(5,2)
0
5,5,5,5,5,2(1,1)
0
4,1,4,2,3,2(5,2)
0
1,2,5,5,4,2(6,3)
0
3,5,4,1,1,2(6,1)
0
5,1,5,5,3,2(5,4)
0
5,2,5,5,3,5(6,2)
0
5,1,5,5,3,2(5,2)
0
3,5,4,1,1,2(1,4)
0
5,4,1,5,2,3(5,1)
-0.0014519644580442
5,1,5,5,3,2(1,4)
0
1,2,5,3,4,5(5,2)
0
1,2,4,3,4,2(5,2)
0.00072906318205398
4,4,5,1,2,5(5,3)
0
1,4,3,5,2,1(1,5)
0
2,5,5,4,5,5(1,4)
0
5,2,5,5,4,1(5,2)
0
5,2,5,5,4,1(5,1)
0
4,2,1,2,4,3(6,1)
0
3,1,4,1,3,2(5,4)
0
4,2,1,2,3,3(5,4)
0
4,5,2,2,5,3(5,2)
0.0016291423891905
1,5,4,3,5,2(6,5)
-0.00074198666528186
4,2,5,2,4,5(1,2)
0
5,2,2,5,4,3(5,1)
0
2,2,1,4,4,3(6,4)
0
2,1,2,4,3,4(6,1)
-0.0012223317198336
2,4,3,5,2,1(1,4)
0
4,5,3,2,5,1(5,2)
0
2,3,1,4,1,3(1,5)
0
4,5,5,2,5,2(5,3)
0
4,5,5,2,5,2(5,2)
0
3,4,1,1,2,3(1,5)
0
4,5,5,2,5,2(6,4)
0
3,2,2,1,4,4(5,1)
0
4,5,5,2,5,2(1,3)
0
5,1,5,5,3,5(5,4)
0
3,2,4,1,4,2(1,4)
0
1,1,4,3,3,2(5,2)
0
1,4,5,5,2,2(5,4)
0.00013165317569556
4,5,3,2,5,1(6,2)
0
5,5,2,1,5,4(5,3)
0
3,1,2,1,3,4(6,2)
0.0005946492533105
1,3,2,5,1,4(6,2)
0
3,4,5,1,2,5(5,3)
-0.00064999314137891
1,3,2,5,1,4(1,5)
0
2,5,1,4,5,5(6,3)
0
1,3,2,5,1,4(1,3)
0
1,3,2,5,1,4(1,2)
0
2,3,5,4,1,2(5,2)
0
5,2,4,1,4,2(6,4)
0
1,5,2,3,5,4(6,3)
0
1,1,2,3,3,4(5,2)
0
2,2,3,5,4,1(5,1)
0
2,2,3,5,4,1(6,5)
0
2,2,3,5,4,1(6,4)
0.0025556785195461
4,4,5,1,2,5(6,2)
0
2,2,3,5,4,1(1,5)
0
2,2,3,5,4,1(1,4)
0
1,3,5,3,1,5(5,5)
0
5,1,4,2,3,2(1,4)
0
5,2,5,5,3,5(1,1)
0
1,2,5,3,4,2(5,3)
0
3,2,5,1,4,1(6,2)
0
4,3,1,2,1,3(1,5)
0
2,4,3,5,2,1(5,3)
0
2,4,3,5,2,1(5,1)
0
3,1,4,1,3,2(6,3)
0
2,4,3,5,2,1(1,5)
0
1,2,3,3,4,1(5,5)
0
4,5,3,2,5,1(1,3)
0
4,1,5,2,3,5(1,5)
0
5,1,2,5,3,4(5,4)
0
1,1,2,3,4,4(6,3)
0
5,1,4,2,3,2(1,2)
0
4,1,5,2,3,1(6,5)
0
3,4,1,1,2,3(5,4)
0
5,4,1,5,2,3(5,3)
0
2,3,5,5,1,5(5,2)
0
4,3,2,2,1,3(6,2)
0.00070289672174274
1,2,4,3,4,2(5,5)
0
1,2,5,5,4,2(5,3)
0
3,3,4,1,1,2(5,2)
0
1,2,5,5,4,2(5,2)
0
5,2,5,5,4,5(6,1)
0
2,4,3,5,2,1(6,2)
0
1,4,3,5,2,1(6,2)
0
1,2,2,3,4,4(5,2)
0
1,2,5,5,4,2(1,2)
0
2,5,1,4,5,5(6,2)
0
2,5,1,4,5,5(1,3)
0
5,1,2,5,3,4(1,3)
0
4,2,3,1,4,1(1,3)
0
2,3,4,4,1,2(5,5)
0
5,5,1,5,5,3(1,4)
0
4,2,1,2,3,3(1,5)
0
4,4,1,2,2,3(6,5)
0
1,1,5,3,3,5(1,4)
0.0020622627139264
3,2,3,1,5,1(1,2)
0
3,3,2,2,1,4(1,4)
0.0011858695536311
2,2,1,5,4,5(5,5)
-2.7617884267847e-05
3,2,3,1,4,1(1,4)
0
2,2,1,5,4,5(5,3)
-0.00090275042086341
2,2,5,4,4,1(6,3)
0
5,3,5,2,1,5(1,1)
0
3,5,4,1,1,2(5,4)
0.00081736325858402
1,2,4,3,4,2(1,3)
0.00060785242146577
1,2,2,3,3,4(6,2)
0
1,5,4,3,1,2(6,5)
0
4,2,5,2,4,5(5,1)
0
3,2,3,1,4,1(6,4)
0
4,2,3,1,4,1(6,4)
0
2,1,4,4,3,2(5,5)
0
1,2,3,3,4,1(1,4)
0
2,2,1,5,4,3(6,5)
0
2,2,1,5,4,5(1,5)
0
2,2,1,5,4,5(1,3)
-1.8853024873485e-05
2,3,5,4,1,2(5,4)
0
4,5,2,2,5,3(1,2)
0
5,2,4,1,4,2(5,1)
0
4,5,5,2,5,1(6,3)
0
5,2,4,1,4,2(1,3)
0
4,1,5,2,3,2(5,5)
0.000776276199131
3,5,2,1,5,2(1,4)
0
5,1,4,2,3,2(5,1)
0
4,5,5,2,5,1(5,4)
0
2,3,5,4,1,5(5,3)
0
1,1,4,3,3,2(6,3)
0
2,1,2,5,3,4(1,3)
0
4,5,5,2,5,1(5,2)
0
3,4,5,1,2,5(1,4)
0
1,5,4,3,5,2(6,1)
0
4,5,5,2,5,1(1,5)
0
5,1,5,5,3,5(5,5)
0
4,5,5,2,5,2(5,1)
0
5,5,5,5,5,2(1,4)
0
2,1,5,5,3,5(5,5)
0.00012618009862054
4,5,5,2,5,1(1,2)
0
4,2,5,2,4,1(6,4)
0
1,2,3,5,4,1(5,2)
0
5,2,3,5,4,1(5,2)
0
1,2,4,3,3,2(1,3)
0
2,5,5,5,5,5(5,4)
0
1,1,2,3,4,4(1,5)
0
3,2,5,1,4,5(5,1)
0
2,5,5,5,5,5(6,2)
0
1,5,5,3,5,5(1,5)
0.0018635423120516
2,1,2,4,3,4(6,2)
0
2,3,5,4,1,5(5,5)
0.0013676079210766
4,3,4,2,1,2(1,5)
0
2,2,1,4,4,5(5,2)
0
3,5,2,1,5,4(6,3)
-0.0018249608799066
2,3,1,4,1,3(1,3)
0
3,5,4,2,5,2(6,4)
0
5,3,4,1,1,2(1,1)
0
3,4,5,1,2,1(6,5)
0
3,2,5,1,4,2(6,1)
0
2,2,5,4,4,5(6,4)
0
3,2,5,1,4,2(1,4)
0
1,4,2,3,2,4(1,2)
0
3,2,5,1,4,2(1,2)
0
3,5,4,1,1,2(6,4)
0
2,3,1,4,1,3(5,5)
0
3,3,4,1,1,2(1,1)
-0.00016654089922709
3,3,2,1,1,2(5,4)
0
3,3,2,2,1,4(1,5)
0
4,5,2,2,5,4(5,2)
0
3,4,3,1,2,1(5,4)
0
4,4,3,1,2,1(5,4)
5.4442597775972e-06
4,2,5,2,4,5(1,5)
0
1,2,5,5,4,5(5,1)
0
3,1,4,1,3,2(6,5)
0
4,3,2,2,1,4(1,5)
0
1,5,4,5,5,2(6,4)
0
1,5,4,5,5,2(1,4)
0
1,1,4,5,3,2(5,4)
0
1,1,4,5,3,2(6,4)
0
3,2,3,1,5,1(1,1)
0
2,5,3,4,1,1(5,4)
0
5,3,5,2,1,5(6,2)
0
4,3,1,2,1,3(6,4)
0
1,2,4,3,4,2(5,3)
0
1,1,4,5,3,2(1,5)
0
1,1,4,5,3,2(1,4)
0
4,1,5,2,3,2(5,2)
0
4,3,5,2,1,1(6,5)
0
1,4,5,5,2,1(1,3)
0
4,3,5,2,1,1(1,1)
0
3,2,1,1,4,5(5,3)
0
3,5,2,1,5,5(6,1)
-0.00061241795987869
3,2,3,1,5,1(5,3)
0
3,1,2,1,3,2(1,1)
0
3,3,2,2,1,4(5,4)
0
3,2,3,1,5,1(1,5)
0
4,5,4,2,5,2(1,5)
0
3,5,4,2,5,2(1,5)
0
2,3,4,4,1,2(6,1)
-0.0010455029056377
5,5,2,5,2,4(1,2)
0
2,1,5,4,3,5(1,5)
-0.00050476155247085
1,2,1,3,4,3(6,4)
0
3,5,2,1,5,3(6,2)
0
3,5,2,1,5,3(1,4)
0
1,2,2,1,4,4(1,2)
0
1,3,2,3,1,4(5,3)
0
5,5,5,5,5,5(1,2)
0.0016461516845622
5,3,5,2,1,5(1,4)
0
5,5,2,1,5,4(1,1)
0
2,2,5,4,4,5(1,5)
0
3,4,4,1,2,2(5,1)
0
2,1,2,4,3,4(6,3)
0
1,1,5,3,3,5(1,2)
0
5,2,2,1,4,4(5,5)
-0.00032456558008174
1,2,5,3,4,5(6,4)
0.0029292912927457
5,5,5,5,5,5(1,3)
0
4,5,2,2,5,3(5,3)
0
5,5,2,5,2,4(5,4)
0
5,5,2,5,2,4(5,1)
0
5,5,2,5,2,4(6,2)
0
3,2,2,1,4,3(5,2)
0
1,3,4,3,1,2(6,3)
0
3,2,2,1,4,3(6,5)
0
4,1,1,2,3,3(1,2)
0
4,1,2,2,3,4(1,2)
0
5,1,3,5,3,1(5,2)
0
2,5,4,5,5,2(1,5)
0
2,5,4,5,5,2(1,4)
0
5,2,2,5,4,4(5,3)
0
5,2,2,5,4,4(5,1)
0
3,2,1,1,4,5(5,1)
0
5,4,5,5,2,5(5,1)
0
5,2,2,5,4,4(1,1)
0
1,5,2,5,2,4(1,5)
0
4,5,5,2,5,2(6,3)
0
3,5,4,1,5,2(6,4)
0
2,1,4,5,3,2(5,4)
0
3,3,2,2,1,4(6,3)
0
4,2,1,2,4,3(6,4)
0.0049225342887476
1,4,5,3,2,5(1,4)
0
3,4,5,1,2,1(6,4)
0
3,4,2,1,2,4(6,1)
0
3,4,2,1,2,4(1,5)
0.00079687158966604
2,3,5,4,1,1(5,5)
0
2,4,3,5,2,1(1,1)
0
1,3,4,3,1,2(1,5)
0
2,1,2,4,3,4(5,2)
0
2,5,1,4,5,3(5,2)
0
2,5,1,4,5,3(6,5)
0
3,4,1,1,2,3(6,1)
0
2,5,1,4,5,3(1,3)
0
4,4,3,2,2,1(5,3)
0
4,4,3,2,2,1(5,1)
0
4,4,3,2,2,1(6,4)
0
4,5,3,2,5,1(1,1)
0
1,2,3,5,4,1(6,2)
0
1,3,5,3,1,5(5,3)
0
2,3,1,4,1,3(5,4)
0.0014261115735164
2,1,3,4,3,1(5,2)
0
2,2,3,4,4,1(1,5)
0.00011141988776255
3,2,3,1,4,1(6,3)
0
2,3,4,4,1,2(5,4)
0
5,5,4,5,5,2(1,3)
0
5,3,2,5,1,3(5,3)
0
5,4,1,5,2,3(5,5)
0
5,5,5,5,5,5(1,4)
0.0062680981562585
5,4,1,5,2,3(6,4)
0
2,3,5,4,1,5(6,1)
0
1,2,5,3,4,5(5,5)
0
2,3,5,4,1,1(6,3)
0
4,1,4,2,3,2(1,2)
0
2,3,5,4,1,5(5,2)
0
3,4,4,1,2,2(1,5)
0
4,5,2,2,5,3(6,1)
0
1,2,3,5,4,1(1,5)
0
1,2,5,3,4,2(5,2)
0
2,1,4,4,3,2(1,4)
0.0010698674840109
1,5,5,5,5,2(1,4)
0
3,5,4,1,2,2(1,4)
0
3,5,4,1,2,2(1,1)
0
1,2,4,3,3,2(5,1)
0
4,2,3,1,4,1(1,1)
0
3,2,3,1,4,1(1,1)
0
2,2,5,5,4,5(1,3)
0
1,1,5,3,3,5(1,3)
-0.0007668193089744
1,5,5,3,5,5(5,1)
-0.00065878819927984
5,2,4,1,4,2(5,3)
0
2,3,5,4,1,2(5,5)
0
1,2,5,3,4,2(5,1)
0
4,5,1,2,5,3(1,2)
0.0001310771559797
5,5,2,2,5,4(6,1)
0
3,5,2,1,5,4(1,1)
0
2,2,1,5,4,5(5,1)
0
5,5,2,5,5,4(1,4)
0
3,5,5,1,5,5(1,1)
0
4,2,1,2,4,3(6,5)
0
4,3,2,2,1,3(1,1)
0
3,4,5,1,2,1(6,2)
0
2,2,5,4,4,5(1,4)
0
4,1,5,2,3,1(1,3)
0
2,2,1,5,4,3(6,4)
0.0019738038144578
1,2,5,3,4,5(6,3)
0
4,1,1,2,3,3(1,5)
0
1,5,2,5,5,4(6,2)
0
3,5,5,1,5,5(5,4)
0
1,4,4,3,2,2(6,1)
0
3,3,2,1,1,2(6,3)
0
5,5,2,5,5,4(6,2)
0
1,5,5,5,5,5(5,1)
0
2,5,5,5,5,5(5,1)
0
2,2,1,5,4,3(1,1)
0
4,3,2,2,1,3(5,3)
0
5,5,5,5,5,5(5,1)
0
1,4,4,3,2,2(1,2)
0
2,2,1,4,4,3(6,2)
0
1,5,5,5,2,2(6,5)
0
1,5,5,3,5,5(6,3)
0
4,4,3,1,2,1(6,3)
0
3,4,3,1,2,1(6,3)
-0.00018882367276689
2,1,5,4,3,5(5,1)
0
4,5,2,2,5,4(6,1)
0
4,3,5,2,1,5(6,2)
0
1,2,4,3,3,2(6,5)
0
1,2,5,3,4,5(5,1)
0
2,5,3,4,5,1(6,4)
0
1,2,3,3,4,1(5,3)
0
3,1,4,1,3,2(5,1)
0
3,5,4,2,5,2(5,2)
0
4,2,1,2,3,3(5,2)
0
3,2,4,1,4,2(5,3)
0
2,5,5,4,5,5(5,3)
-0.00072280299994282
3,3,2,1,1,2(5,2)
0
1,4,4,3,2,2(5,4)
0.0004447075670412
2,5,5,4,5,5(6,4)
0
4,5,4,2,5,2(5,2)
0